ts,agent_id,x,y,z,v
8189359,0,192.36241149902344,-86.26268005371094,0.5760391354560852,0.0
8189360,0,192.36241149902344,-86.26268005371094,0.5347328782081604,0.0
8189361,0,192.36241149902344,-86.26268005371094,0.4873131513595581,0.0
8189362,0,192.36241149902344,-86.26268005371094,0.43378135561943054,0.0
8189363,0,192.36241149902344,-86.26268005371094,0.37413910031318665,0.0
8189364,0,192.36241149902344,-86.26268005371094,0.3083879053592682,0.0
8189365,0,192.36241149902344,-86.26268005371094,0.23652930557727814,0.0
8189366,0,192.36241149902344,-86.26268005371094,0.15856479108333588,0.0
8189367,0,192.36241149902344,-86.26268005371094,0.07449592649936676,0.0
8189368,0,192.36241149902344,-86.26268005371094,-0.0014325713273137808,6.916615078300967e-08
8189369,0,192.36241149902344,-86.26268005371094,-0.04976116120815277,2.0417302897721342e-07
8189370,0,192.36241149902344,-86.26268005371094,-0.0790141299366951,5.243484917559356e-08
8189371,0,192.36241149902344,-86.26268005371094,-0.09499464184045792,8.291444504913554e-08
8189372,0,192.36241149902344,-86.26268005371094,-0.09607665985822678,0.001841177150377481
8189373,0,192.36241149902344,-86.2625503540039,-0.09360036998987198,0.0064377440644370855
8189374,0,192.36244201660156,-86.26248168945312,-0.08894706517457962,0.002667418001703274
8189375,0,192.36244201660156,-86.26243591308594,-0.08312385529279709,0.0007277077422985286
8189376,0,192.36244201660156,-86.2624282836914,-0.07681392133235931,0.00026688102267820107
8189377,0,192.36245727539062,-86.26243591308594,-0.07046787440776825,0.0007199116263588505
8189378,0,192.36245727539062,-86.26245880126953,-0.06437091529369354,0.0009068649162810019
8189379,0,192.36244201660156,-86.26248168945312,-0.05869167298078537,0.0009508718937600715
8189380,0,192.36244201660156,-86.26250457763672,-0.05351840704679489,0.0009216858052628724
8189381,0,192.36241149902344,-86.26252746582031,-0.04888515546917915,0.0008580181333831891
8189382,0,192.36241149902344,-86.26255798339844,-0.044789884239435196,0.0007807833513391441
8189383,0,192.36244201660156,-86.2625732421875,-0.04120860993862152,0.0007001562328498166
8189384,0,192.36245727539062,-86.2625961303711,-0.03810413181781769,0.0006218522984993899
8189385,0,192.36245727539062,-86.26261901855469,-0.03543258458375931,0.0005489591793647535
8189386,0,192.3624725341797,-86.26263427734375,-0.03314792737364769,0.00048308274049258497
8189387,0,192.3625030517578,-86.26264190673828,-0.031204603612422943,0.00042367617467516295
8189388,0,192.3625030517578,-86.26265716552734,-0.029559249058365822,0.0003710098827902837
8189389,0,192.3625030517578,-86.26266479492188,-0.028171919286251068,0.00032417001170261846
8189390,0,192.36251831054688,-86.2626724243164,-0.027006415650248528,0.0002828443381885618
8189391,0,192.36251831054688,-86.26268005371094,-0.026030387729406357,0.0002470300865551011
8189392,0,192.36251831054688,-86.2626953125,-0.02521541528403759,0.00021528068870718423
8189393,0,192.36253356933594,-86.2626953125,-0.0245367418974638,0.0001875350189096029
8189394,0,192.36253356933594,-86.26270294189453,-0.023972854018211365,0.00016333723949920283
8189395,0,192.36253356933594,-86.26270294189453,-0.0235054399818182,0.00014215969005505546
8189396,0,192.36253356933594,-86.26271057128906,-0.02311866730451584,0.00012358940256990865
8189397,0,192.36253356933594,-86.26271057128906,-0.022799300029873848,0.0001075242411160428
8189398,0,192.362548828125,-86.26271057128906,-0.022536009550094604,9.377974395597598e-05
8189399,0,192.362548828125,-86.26271057128906,-0.02231922186911106,8.178135930618968e-05
8189400,0,192.362548828125,-86.26272583007812,-0.022141074761748314,7.124351320197337e-05
8189401,0,192.362548828125,-86.26272583007812,-0.0219948198646307,6.149993107574544e-05
8189402,0,192.362548828125,-86.26272583007812,-0.021874960511922836,5.357643755627547e-05
8189403,0,192.362548828125,-86.26272583007812,-0.02177680842578411,4.6722609944293794e-05
8189404,0,192.362548828125,-86.26272583007812,-0.02169654704630375,4.042833159162554e-05
8189405,0,192.362548828125,-86.26272583007812,-0.02163093537092209,3.5454419338563666e-05
8189406,0,192.362548828125,-86.26272583007812,-0.0215773768723011,3.084983763310554e-05
8189407,0,192.362548828125,-86.26272583007812,-0.0215773768723011,0.0
8189408,0,192.362548828125,-86.26272583007812,-0.021541861817240715,3.365247510828724e-06
8189409,0,192.362548828125,-86.26272583007812,-0.021525496616959572,2.887922049624764e-06
8189410,0,192.362548828125,-86.26272583007812,-0.02150745317339897,2.9617548446512424e-06
8189411,0,192.362548828125,-86.26272583007812,-0.021489180624485016,2.8380326334445444e-06
8189412,0,192.362548828125,-86.26272583007812,-0.021471481770277023,2.601068930924462e-06
8189413,0,192.362548828125,-86.26272583007812,-0.021454887464642525,2.3188885591946186e-06
8189414,0,192.362548828125,-86.26272583007812,-0.021439742296934128,2.1104058918587013e-06
8189415,0,192.362548828125,-86.26272583007812,-0.021426161751151085,1.9094214540850353e-06
8189416,0,192.362548828125,-86.26272583007812,-0.02141410857439041,1.6350175506499338e-06
8189417,0,192.362548828125,-86.26272583007812,-0.02140357904136181,1.333984866163087e-06
8189418,0,192.362548828125,-86.26272583007812,-0.02139442414045334,1.2263183401368412e-06
8189419,0,192.362548828125,-86.26272583007812,-0.02138652838766575,1.122020826263027e-06
8189420,0,192.362548828125,-86.26272583007812,-0.02137981355190277,9.513649270816288e-07
8189421,0,192.362548828125,-86.26273345947266,-0.021374015137553215,8.010657501632883e-07
8189422,0,192.362548828125,-86.26273345947266,-0.021369170397520065,6.987129357046054e-07
8189423,0,192.362548828125,-86.26273345947266,-0.021365050226449966,5.660495769268541e-07
8189424,0,192.362548828125,-86.26273345947266,-0.021365050226449966,0.0
8189425,0,192.362548828125,-86.26273345947266,-0.021362189203500748,2.3787060607146533e-07
8189426,0,192.362548828125,-86.26273345947266,-0.02136077918112278,4.3664015633016445e-07
8189427,0,192.362548828125,-86.26273345947266,-0.021359175443649292,2.627953061696579e-07
8189428,0,192.362548828125,-86.26273345947266,-0.02135753631591797,3.1882462097607685e-07
8189429,0,192.362548828125,-86.26273345947266,-0.02135601080954075,3.765022308176383e-07
8189430,0,192.362548828125,-86.26273345947266,-0.021354522556066513,2.396735559721192e-07
8189431,0,192.362548828125,-86.26273345947266,-0.02135314978659153,2.3019821535188623e-07
8189432,0,192.362548828125,-86.26273345947266,-0.021351967006921768,1.827163000605888e-07
8189433,0,192.362548828125,-86.26273345947266,-0.02135089784860611,2.7092087237549445e-07
8189434,0,192.362548828125,-86.26273345947266,-0.02135089784860611,9.198815135780458e-08
8189435,0,192.362548828125,-86.26273345947266,-0.021349182352423668,9.126817368612133e-08
8189436,0,192.362548828125,-86.26273345947266,-0.021349182352423668,1.0154287459696295e-07
8189437,0,192.362548828125,-86.26273345947266,-0.021347884088754654,1.4654014292632934e-07
8189438,0,192.362548828125,-86.26273345947266,-0.021347884088754654,9.611862010719366e-08
8189439,0,192.362548828125,-86.26273345947266,-0.021347884088754654,4.7306087057490275e-08
8189440,0,192.362548828125,-86.26273345947266,-0.02134651131927967,1.0404036872905389e-07
8189441,0,192.362548828125,-86.26273345947266,-0.02134651131927967,0.0
8189442,0,192.362548828125,-86.26273345947266,-0.02134651131927967,1.9762348397327403e-08
8189443,0,192.362548828125,-86.26273345947266,-0.02134651131927967,1.293751743020347e-07
8189444,0,192.362548828125,-86.26273345947266,-0.02134651131927967,1.8796261014845464e-07
8189445,0,192.362548828125,-86.26273345947266,-0.02134651131927967,1.2084553080590633e-07
8189446,0,192.362548828125,-86.26273345947266,-0.02134651131927967,1.4385844877287318e-07
8189447,0,192.362548828125,-86.26273345947266,-0.02134651131927967,2.2550940153937507e-08
8189448,0,192.362548828125,-86.26273345947266,-0.02134651131927967,7.311924936149313e-08
8189449,0,192.362548828125,-86.26273345947266,-0.021345404908061028,7.049017778309311e-08
8189450,0,192.362548828125,-86.26273345947266,-0.021345404908061028,7.385159297833304e-08
8189451,0,192.362548828125,-86.26273345947266,-0.021345404908061028,3.0109524469240884e-08
8189452,0,192.362548828125,-86.26273345947266,-0.021345404908061028,9.706203960559396e-08
8189453,0,192.362548828125,-86.26273345947266,-0.021345404908061028,9.982570088551169e-08
8189454,0,192.362548828125,-86.26271057128906,-0.02134372666478157,0.0013495993750857714
8189455,0,192.3626251220703,-86.25659942626953,-0.02146400325000286,0.3192975543963124
8189456,0,192.36279296875,-86.2426528930664,-0.021667709574103355,0.6274653540542616
8189457,0,192.36306762695312,-86.22117614746094,-0.021906012669205666,0.9252681885614115
8189458,0,192.36341857910156,-86.19245147705078,-0.022148780524730682,1.212445917001867
8189459,0,192.3638458251953,-86.15676879882812,-0.022378310561180115,1.4888733054688328
8189460,0,192.3643341064453,-86.1143798828125,-0.022584494203329086,1.7545360129242495
8189461,0,192.36489868164062,-86.0655746459961,-0.02276279404759407,2.009507050296789
8189462,0,192.3655242919922,-86.0106201171875,-0.022911833599209785,2.2539349635769086
8189463,0,192.36624145507812,-85.94978332519531,-0.02303214929997921,2.4880336612158267
8189464,0,192.3669891357422,-85.88330078125,-0.02312568575143814,2.712069741474818
8189465,0,192.36782836914062,-85.8114013671875,-0.023194845765829086,2.9263547614126955
8189466,0,192.36868286132812,-85.7343521118164,-0.023242302238941193,3.131235179905823
8189467,0,192.36959838867188,-85.65238189697266,-0.023270683363080025,3.3270894072105968
8189468,0,192.37057495117188,-85.565673828125,-0.023282775655388832,3.5143113086123723
8189469,0,192.37158203125,-85.47444915771484,-0.023280944675207138,3.6933094994668942
8189470,0,192.37265014648438,-85.37892150878906,-0.023267477750778198,3.8645012415184876
8189471,0,192.3737335205078,-85.27924346923828,-0.023244552314281464,4.028395828651014
8189472,0,192.37486267089844,-85.17561340332031,-0.023214148357510567,4.18566473808952
8189473,0,192.37603759765625,-85.06816101074219,-0.02317790873348713,4.336736479596356
8189474,0,192.37722778320312,-84.95703887939453,-0.023137245327234268,4.48193123830897
8189475,0,192.37844848632812,-84.8424072265625,-0.02309318445622921,4.621545706012798
8189476,0,192.37969970703125,-84.72439575195312,-0.02304679900407791,4.755873961535842
8189477,0,192.38099670410156,-84.60310363769531,-0.022998923435807228,4.8852053388432335
8189478,0,192.38229370117188,-84.47868347167969,-0.022950362414121628,5.009827272476704
8189479,0,192.38360595703125,-84.3511962890625,-0.022639960050582886,5.131130021668706
8189480,0,192.3849334716797,-84.22077178955078,-0.022439192980527878,5.247691151750371
8189481,0,192.38629150390625,-84.08750915527344,-0.022310370579361916,5.360312645887287
8189482,0,192.3876190185547,-83.95149993896484,-0.02222755365073681,5.4692385362207725
8189483,0,192.38897705078125,-83.8128433227539,-0.022173918783664703,5.574706016320099
8189484,0,192.39035034179688,-83.67160034179688,-0.022138366475701332,5.676932000923625
8189485,0,192.39169311523438,-83.52784729003906,-0.02211357094347477,5.776137573226514
8189486,0,192.39303588867188,-83.38167572021484,-0.022094687446951866,5.872521754965533
8189487,0,192.39442443847656,-83.2331314086914,-0.022079352289438248,5.96627334271558
8189488,0,192.39581298828125,-83.08230590820312,-0.022065239027142525,6.05756858373834
8189489,0,192.397216796875,-82.92922973632812,-0.02205154299736023,6.146573477771207
8189490,0,192.39865112304688,-82.77396392822266,-0.0220378115773201,6.23344112487332
8189491,0,192.40011596679688,-82.61656951904297,-0.02202346734702587,6.318313072391661
8189492,0,192.40159606933594,-82.45709991455078,-0.022008895874023438,6.40131885331702
8189493,0,192.40310668945312,-82.29556274414062,-0.02199401892721653,6.482581879892342
8189494,0,192.4046173095703,-82.13202667236328,-0.02197883464396,6.56221148474147
8189495,0,192.4061737060547,-81.96653747558594,-0.021963385865092278,6.640310134344508
8189496,0,192.40774536132812,-81.79911804199219,-0.02194805070757866,6.7169759847636685
8189497,0,192.40933227539062,-81.62979888916016,-0.021932639181613922,6.792298512257254
8189498,0,192.41091918945312,-81.45862579345703,-0.02191753312945366,6.866357242515717
8189499,0,192.4124755859375,-81.2856216430664,-0.021902769804000854,6.939225131243925
8189500,0,192.41403198242188,-81.1108169555664,-0.02188827469944954,7.010969594211214
8189501,0,192.41561889648438,-80.93424224853516,-0.021874122321605682,7.081652364093974
8189502,0,192.41720581054688,-80.75590515136719,-0.021860579028725624,7.151334602691306
8189503,0,192.41880798339844,-80.57585144042969,-0.021847419440746307,7.220066917084395
8189504,0,192.4203643798828,-80.39409637451172,-0.02183479256927967,7.287896768423198
8189505,0,192.42196655273438,-80.21066284179688,-0.02182258479297161,7.354868642143076
8189506,0,192.42356872558594,-80.02556610107422,-0.021810874342918396,7.4210352696359365
8189507,0,192.42515563964844,-79.83882904052734,-0.021799735724925995,7.4864250238686125
8189508,0,192.4267120361328,-79.65047454833984,-0.021789129823446274,7.551075465578152
8189509,0,192.4282989501953,-79.46051025390625,-0.02177894487977028,7.615018505128184
8189510,0,192.42984008789062,-79.26895904541016,-0.021769141778349876,7.678283551663763
8189511,0,192.43138122558594,-79.07584381103516,-0.02175975777208805,7.740899228240666
8189512,0,192.4329071044922,-78.88117218017578,-0.02175094559788704,7.802889671645717
8189513,0,192.4344482421875,-78.68495178222656,-0.0217424388974905,7.86426736693332
8189514,0,192.43597412109375,-78.48722076416016,-0.021734390407800674,7.9253962360000445
8189515,0,192.43746948242188,-78.28910064697266,-0.021701544523239136,7.925253479441525
8189516,0,192.43896484375,-78.09107208251953,-0.021648483350872993,7.922177509477262
8189517,0,192.44036865234375,-77.89313507080078,-0.021588249132037163,7.919056779265554
8189518,0,192.44175720214844,-77.69527435302734,-0.021527748554944992,7.915930844959874
8189519,0,192.44309997558594,-77.49748992919922,-0.021470259875059128,7.912802726479391
8189520,0,192.44442749023438,-77.2997817993164,-0.021417617797851562,7.90967456563328
8189521,0,192.44573974609375,-77.10214233398438,-0.0213706586509943,7.906546528246683
8189522,0,192.447021484375,-76.90457153320312,-0.021329155191779137,7.9034142290558975
8189523,0,192.44830322265625,-76.70708465576172,-0.021292991936206818,7.900284238530014
8189524,0,192.44956970214844,-76.5096664428711,-0.02126159705221653,7.8971599538716255
8189525,0,192.4508819580078,-76.31232452392578,-0.02123432047665119,7.8940335691205155
8189526,0,192.45220947265625,-76.11505889892578,-0.021210823208093643,7.89089615833543
8189527,0,192.4535369873047,-75.9178695678711,-0.021190566942095757,7.887764766507842
8189528,0,192.4549102783203,-75.72074890136719,-0.021173056215047836,7.884642945962422
8189529,0,192.4563751220703,-75.52371215820312,-0.021158218383789062,7.881527730971929
8189530,0,192.4579315185547,-75.32674407958984,-0.021145591512322426,7.878419901285333
8189531,0,192.45950317382812,-75.1298599243164,-0.021134566515684128,7.875310936710992
8189532,0,192.461181640625,-74.93305206298828,-0.021125106140971184,7.872201301085726
8189533,0,192.46290588378906,-74.73632049560547,-0.02111709490418434,7.869090674266271
8189534,0,192.4646759033203,-74.53966522216797,-0.021110190078616142,7.865986565330744
8189535,0,192.46652221679688,-74.34236907958984,-0.021121710538864136,7.919088162247961
8189536,0,192.4684295654297,-74.1422348022461,-0.02118602767586708,8.031417923901833
8189537,0,192.47042846679688,-73.93934631347656,-0.021272772923111916,8.140031225004543
8189538,0,192.47247314453125,-73.73381042480469,-0.02136409655213356,8.244806859261688
8189539,0,192.474609375,-73.52572631835938,-0.021451149135828018,8.346057330293744
8189540,0,192.47677612304688,-73.315185546875,-0.021529005840420723,8.444041811110003
8189541,0,192.47906494140625,-73.10224914550781,-0.021596336737275124,8.538997648985406
8189542,0,192.48138427734375,-72.88701629638672,-0.02165294624865055,8.631113095638396
8189543,0,192.4837646484375,-72.6695327758789,-0.021699294447898865,8.720603235799615
8189544,0,192.4862060546875,-72.44986724853516,-0.021736450493335724,8.807645406956961
8189545,0,192.4886474609375,-72.22807312011719,-0.02176547981798649,8.89243671262608
8189546,0,192.4910888671875,-72.00420379638672,-0.021787680685520172,8.975129667910124
8189547,0,192.49351501464844,-71.77830505371094,-0.021804045885801315,9.055875235620851
8189548,0,192.4959259033203,-71.55043029785156,-0.021815376356244087,9.134812824870577
8189549,0,192.4983367919922,-71.32061767578125,-0.02182258479297161,9.21189112843382
8189550,0,192.50071716308594,-71.08892822265625,-0.02182598039507866,9.286421612655039
8189551,0,192.50306701660156,-70.8554458618164,-0.021825561299920082,9.357551726049227
8189552,0,192.5054473876953,-70.62025451660156,-0.021820982918143272,9.4246521229023
8189553,0,192.5078125,-70.38347625732422,-0.02181198075413704,9.487079210239958
8189554,0,192.5101776123047,-70.1452407836914,-0.02179862931370735,9.544336587138737
8189555,0,192.5125732421875,-69.90568542480469,-0.02178085222840309,9.595848750088056
8189556,0,192.51499938964844,-69.66496276855469,-0.02175823226571083,9.64114698047378
8189557,0,192.51747131347656,-69.42322540283203,-0.021731184795498848,9.680142981431912
8189558,0,192.51998901367188,-69.1806411743164,-0.021699905395507812,9.712570769284488
8189559,0,192.52255249023438,-68.93737030029297,-0.02166450396180153,9.738374463024964
8189560,0,192.52511596679688,-68.69358825683594,-0.021625518798828125,9.75764950668127
8189561,0,192.5277557373047,-68.4494400024414,-0.02158348076045513,9.770592379713722
8189562,0,192.53042602539062,-68.20509338378906,-0.021538734436035156,9.777258647005619
8189563,0,192.533203125,-67.96068572998047,-0.02149208076298237,9.778014041971273
8189564,0,192.5360565185547,-67.71636199951172,-0.02144389972090721,9.773325973824782
8189565,0,192.53900146484375,-67.4722671508789,-0.02139514870941639,9.763671740296504
8189566,0,192.54200744628906,-67.2284927368164,-0.02134632132947445,9.74951680345253
8189567,0,192.5450897216797,-66.98513793945312,-0.021297987550497055,9.731401110374788
8189568,0,192.54827880859375,-66.7423095703125,-0.021250838413834572,9.709743490368634
8189569,0,192.551513671875,-66.50008392333984,-0.02120513841509819,9.684926922583752
8189570,0,192.55482482910156,-66.25852966308594,-0.021161461248993874,9.657614580146719
8189571,0,192.55819702148438,-66.01769256591797,-0.021120071411132812,9.628305745779217
8189572,0,192.56167602539062,-65.77761840820312,-0.021081428974866867,9.597207687951196
8189573,0,192.5652618408203,-65.5383529663086,-0.02104545570909977,9.564605452680684
8189574,0,192.5689239501953,-65.2999267578125,-0.021012114360928535,9.530581281664263
8189575,0,192.57269287109375,-65.0623779296875,-0.02098117768764496,9.495284773665118
8189576,0,192.5764923095703,-64.82572937011719,-0.0209531020373106,9.459112777893374
8189577,0,192.58038330078125,-64.5899887084961,-0.02092761918902397,9.422599197766512
8189578,0,192.5842742919922,-64.35515594482422,-0.020905036479234695,9.38614977723858
8189579,0,192.5882110595703,-64.12122344970703,-0.02088523842394352,9.350092818287978
8189580,0,192.5922088623047,-63.88818359375,-0.020868415012955666,9.31452883590019
8189581,0,192.59622192382812,-63.656028747558594,-0.020854225382208824,9.279271114116517
8189582,0,192.6002655029297,-63.42475128173828,-0.02084243670105934,9.244392265399807
8189583,0,192.6043243408203,-63.19432830810547,-0.020832670852541924,9.210017945127106
8189584,0,192.60841369628906,-62.964759826660156,-0.020824890583753586,9.17616834124578
8189585,0,192.6124725341797,-62.73601531982422,-0.020818939432501793,9.143163401674814
8189586,0,192.61651611328125,-62.508079528808594,-0.02081478014588356,9.111051440951554
8189587,0,192.6205596923828,-62.28092575073242,-0.020812340080738068,9.079995744353567
8189588,0,192.62457275390625,-62.05452346801758,-0.020811576396226883,9.050452198448033
8189589,0,192.62855529785156,-61.82881546020508,-0.020812682807445526,9.022756902494093
8189590,0,192.63253784179688,-61.60376739501953,-0.020815886557102203,8.997155328584872
8189591,0,192.63650512695312,-61.379310607910156,-0.02082115039229393,8.973853328093764
8189592,0,192.64048767089844,-61.155399322509766,-0.02082817070186138,8.952591658260976
8189593,0,192.6444854736328,-60.931976318359375,-0.02083686739206314,8.933468483549552
8189594,0,192.6485137939453,-60.70897674560547,-0.02084735780954361,8.916932447363175
8189595,0,192.6525421142578,-60.48628234863281,-0.02086082473397255,8.907738864764717
8189596,0,192.65655517578125,-60.26367950439453,-0.020879745483398438,8.904172750215402
8189597,0,192.66058349609375,-60.04116439819336,-0.020900078117847443,8.90061019084627
8189598,0,192.66464233398438,-59.8187370300293,-0.020920105278491974,8.897052405681874
8189599,0,192.66868591308594,-59.59640121459961,-0.020938949659466743,8.893497297301579
8189600,0,192.6727294921875,-59.374149322509766,-0.020956000313162804,8.889942212963486
8189601,0,192.67677307128906,-59.1519889831543,-0.0209711454808712,8.88639025373766
8189602,0,192.68081665039062,-58.92992401123047,-0.020984457805752754,8.882840203155597
8189603,0,192.68484497070312,-58.70794677734375,-0.020995978266000748,8.879289831637834
8189604,0,192.6888885498047,-58.48606491088867,-0.021006088703870773,8.875742352469988
8189605,0,192.69288635253906,-58.26426696777344,-0.02101486176252365,8.872181815566025
8189606,0,192.69691467285156,-58.04255676269531,-0.0210224911570549,8.868590309714273
8189607,0,192.70089721679688,-57.82094192504883,-0.02102867141366005,8.86493867241016
8189608,0,192.70481872558594,-57.59941101074219,-0.021034277975559235,8.861364661143364
8189609,0,192.7086639404297,-57.37797546386719,-0.02103900909423828,8.857760810890515
8189610,0,192.7123565673828,-57.15663146972656,-0.021043166518211365,8.85418990555381
8189611,0,192.7158966064453,-56.93536376953125,-0.021046599373221397,8.850677868201899
8189612,0,192.71925354003906,-56.71418762207031,-0.02104968950152397,8.847151626297132
8189613,0,192.72244262695312,-56.49309539794922,-0.021052321419119835,8.843623757537575
8189614,0,192.72547912597656,-56.27208709716797,-0.021054573357105255,8.840085808435857
8189615,0,192.72837829589844,-56.05117416381836,-0.021056480705738068,8.836559353450014
8189616,0,192.7311553955078,-55.82964324951172,-0.021073417738080025,8.86980816762076
8189617,0,192.7338104248047,-55.60726547241211,-0.021101875230669975,8.90346124095117
8189618,0,192.7364044189453,-55.384037017822266,-0.021134337410330772,8.936923075160797
8189619,0,192.73892211914062,-55.15998077392578,-0.021167030557990074,8.970058330247287
8189620,0,192.74142456054688,-54.93510055541992,-0.021197738125920296,9.002924117994107
8189621,0,192.743896484375,-54.709407806396484,-0.0212255846709013,9.035305067729643
8189622,0,192.7464141845703,-54.48292541503906,-0.0212499238550663,9.066962944053982
8189623,0,192.7489776611328,-54.255672454833984,-0.02127067558467388,9.097531116465255
8189624,0,192.75160217285156,-54.027679443359375,-0.021287649869918823,9.12681820311485
8189625,0,192.75428771972656,-53.798988342285156,-0.021300964057445526,9.154927834336668
8189626,0,192.75706481933594,-53.56961441040039,-0.021311264485120773,9.182094148832478
8189627,0,192.75991821289062,-53.33958435058594,-0.02131885476410389,9.207949703118572
8189628,0,192.76284790039062,-53.10894012451172,-0.02132369950413704,9.232491157679739
8189629,0,192.76583862304688,-52.87771987915039,-0.021325912326574326,9.255150352053857
8189630,0,192.76890563964844,-52.64596939086914,-0.021325796842575073,9.275884737581563
8189631,0,192.77197265625,-52.41373825073242,-0.021323280408978462,9.294533387016855
8189632,0,192.77505493164062,-52.181087493896484,-0.021318472921848297,9.310877205884736
8189633,0,192.77813720703125,-51.94807815551758,-0.02131149172782898,9.324799696477966
8189634,0,192.7812042236328,-51.71476745605469,-0.021302375942468643,9.336297936944947
8189635,0,192.7842559814453,-51.48122024536133,-0.0212915800511837,9.345446287039948
8189636,0,192.78726196289062,-51.247474670410156,-0.021279258653521538,9.35251844072746
8189637,0,192.7902374267578,-51.01359939575195,-0.021265601739287376,9.357266688945911
8189638,0,192.7931671142578,-50.77965545654297,-0.021250572055578232,9.35871164415033
8189639,0,192.79603576660156,-50.54579162597656,-0.021232910454273224,9.354885215874699
8189640,0,192.798828125,-50.31209945678711,-0.021212462335824966,9.346493724129983
8189641,0,192.80149841308594,-50.07868957519531,-0.021189536899328232,9.33431309268327
8189642,0,192.80409240722656,-49.84564971923828,-0.02116493135690689,9.319159979006125
8189643,0,192.80657958984375,-49.61301040649414,-0.02113986946642399,9.302301961988237
8189644,0,192.8089599609375,-49.38084411621094,-0.02111484482884407,9.283174918297137
8189645,0,192.8112335205078,-49.14919662475586,-0.021089859306812286,9.261465227810813
8189646,0,192.8133544921875,-48.91813278198242,-0.021065177395939827,9.23760474312819
8189647,0,192.81539916992188,-48.68769836425781,-0.02104106917977333,9.211934886648198
8189648,0,192.8173065185547,-48.45793533325195,-0.02101764641702175,9.184804280912106
8189649,0,192.81906127929688,-48.22885513305664,-0.020995521917939186,9.15682187859086
8189650,0,192.8207244873047,-48.00046157836914,-0.020975684747099876,9.130156509154332
8189651,0,192.82228088378906,-47.77266311645508,-0.020959777757525444,9.106985080943677
8189652,0,192.82376098632812,-47.54536437988281,-0.020949095487594604,9.087993380149513
8189653,0,192.82525634765625,-47.31846618652344,-0.020943794399499893,9.072884358789352
8189654,0,192.8267364501953,-47.09186935424805,-0.02094348892569542,9.061434428834676
8189655,0,192.82821655273438,-46.86549758911133,-0.020947569981217384,9.053037057131997
8189656,0,192.82980346679688,-46.6392822265625,-0.020955009385943413,9.047051611613865
8189657,0,192.83143615722656,-46.41318130493164,-0.020964812487363815,9.042924865696724
8189658,0,192.8332061767578,-46.18716049194336,-0.02097579836845398,9.03992574061924
8189659,0,192.83506774902344,-45.961204528808594,-0.02098766341805458,9.038104963978112
8189660,0,192.83706665039062,-45.735252380371094,-0.021000022068619728,9.03790719387321
8189661,0,192.8391876220703,-45.509281158447266,-0.021012648940086365,9.039367871386395
8189662,0,192.84141540527344,-45.283241271972656,-0.021025734022259712,9.042456878900978
8189663,0,192.84376525878906,-45.05709457397461,-0.0210390854626894,9.04688032897073
8189664,0,192.84620666503906,-44.83082962036133,-0.021052168682217598,9.052052312241191
8189665,0,192.84873962402344,-44.60443115234375,-0.021064642816781998,9.05732893660446
8189666,0,192.85137939453125,-44.37791442871094,-0.021075934171676636,9.06243730141009
8189667,0,192.85411071777344,-44.15126419067383,-0.021085891872644424,9.067460737033514
8189668,0,192.85699462890625,-43.924495697021484,-0.021094664931297302,9.072428106722015
8189669,0,192.85997009277344,-43.69760513305664,-0.021102217957377434,9.077349077675734
8189670,0,192.86306762695312,-43.47058868408203,-0.021108703687787056,9.082416439565982
8189671,0,192.86624145507812,-43.24345016479492,-0.021114615723490715,9.087735020423196
8189672,0,192.86952209472656,-43.01617431640625,-0.021119726821780205,9.093169991386747
8189673,0,192.8728790283203,-42.78876495361328,-0.021124418824911118,9.098736093420955
8189674,0,192.8763427734375,-42.561214447021484,-0.02112838625907898,9.104141311245952
8189675,0,192.8798370361328,-42.33353805541992,-0.02113189734518528,9.109438972768691
8189676,0,192.88339233398438,-42.10572814941406,-0.021134834736585617,9.114876354413848
8189677,0,192.88702392578125,-41.877777099609375,-0.02113746665418148,9.120339756143713
8189678,0,192.8907012939453,-41.64969253540039,-0.021139753982424736,9.125939329953491
8189679,0,192.8944549560547,-41.42145538330078,-0.021141890436410904,9.132222316959497
8189680,0,192.89825439453125,-41.193050384521484,-0.021144522354006767,9.139174779511475
8189681,0,192.902099609375,-40.96446228027344,-0.021147346124053,9.146395715918848
8189682,0,192.906005859375,-40.73569107055664,-0.0211501307785511,9.154013172996066
8189683,0,192.9099578857422,-40.5067253112793,-0.021153029054403305,9.16188987355675
8189684,0,192.91392517089844,-40.27756118774414,-0.021156195551156998,9.170068287698687
8189685,0,192.9179229736328,-40.048179626464844,-0.021159132942557335,9.178712192022239
8189686,0,192.92198181152344,-39.818572998046875,-0.021162299439311028,9.18792061855373
8189687,0,192.9260711669922,-39.58873748779297,-0.021165503188967705,9.196993093464847
8189688,0,192.93020629882812,-39.35869598388672,-0.021167755126953125,9.20479344519628
8189689,0,192.9343719482422,-39.12849426269531,-0.02116878516972065,9.211179039025
8189690,0,192.93858337402344,-38.89812469482422,-0.021169167011976242,9.217962169969251
8189691,0,192.94284057617188,-38.667572021484375,-0.021169546991586685,9.225597758194613
8189692,0,192.9471893310547,-38.436824798583984,-0.021170081570744514,9.23340626825966
8189693,0,192.95152282714844,-38.20587921142578,-0.02117076888680458,9.241539207412092
8189694,0,192.95587158203125,-37.97471618652344,-0.021171875298023224,9.250274183659723
8189695,0,192.960205078125,-37.74332809448242,-0.02117328532040119,9.259523427357122
8189696,0,192.96446228027344,-37.51169204711914,-0.02117534540593624,9.26950735244309
8189697,0,192.96864318847656,-37.27980041503906,-0.0211777500808239,9.279783641487306
8189698,0,192.97268676757812,-37.04764175415039,-0.021180113777518272,9.290075152064281
8189699,0,192.97662353515625,-36.815242767333984,-0.021182173863053322,9.29950889572281
8189700,0,192.98040771484375,-36.58262252807617,-0.021183433011174202,9.308131785618029
8189701,0,192.98410034179688,-36.34980392456055,-0.021183738484978676,9.315866964318086
8189702,0,192.98760986328125,-36.116798400878906,-0.02118324302136898,9.322997414785391
8189703,0,192.99102783203125,-35.88364791870117,-0.021181296557188034,9.3282241740768
8189704,0,192.99435424804688,-35.650386810302734,-0.021178321912884712,9.332620441490283
8189705,0,192.99755859375,-35.41701889038086,-0.02117462083697319,9.336751468790883
8189706,0,193.00071716308594,-35.18354415893555,-0.021171074360609055,9.341054206801227
8189707,0,193.0038299560547,-34.94995880126953,-0.021167563274502754,9.345436108722554
8189708,0,193.0069122314453,-34.71626281738281,-0.021164359524846077,9.34985019040912
8189709,0,193.0099639892578,-34.482452392578125,-0.021161764860153198,9.354442743219114
8189710,0,193.0130157470703,-34.2485237121582,-0.02115943841636181,9.359053919391178
8189711,0,193.0160675048828,-34.014488220214844,-0.021157454699277878,9.363439518513388
8189712,0,193.01913452148438,-33.78034591674805,-0.02115551009774208,9.36744705907694
8189713,0,193.022216796875,-33.546112060546875,-0.02115345001220703,9.371045646268525
8189714,0,193.02528381347656,-33.311798095703125,-0.021151237189769745,9.374266043309389
8189715,0,193.02835083007812,-33.07741165161133,-0.021148987114429474,9.376982335762305
8189716,0,193.03146362304688,-32.84296417236328,-0.021146392449736595,9.37942665469154
8189717,0,193.03456115722656,-32.608455657958984,-0.02114391326904297,9.381793147584192
8189718,0,193.0376739501953,-32.3738899230957,-0.02114139497280121,9.38397873615348
8189719,0,193.04080200195312,-32.13927459716797,-0.021139144897460938,9.38618459415211
8189720,0,193.04391479492188,-31.90459632873535,-0.02113719843327999,9.388622294028732
8189721,0,193.04708862304688,-31.669851303100586,-0.021135788410902023,9.391581862279592
8189722,0,193.05026245117188,-31.43501091003418,-0.02113513834774494,9.395452857935826
8189723,0,193.053466796875,-31.20005989074707,-0.02113529108464718,9.400344475422235
8189724,0,193.05670166015625,-30.9649715423584,-0.02113655023276806,9.405805639337386
8189725,0,193.0598907470703,-30.729745864868164,-0.021138228476047516,9.411114634575654
8189726,0,193.06307983398438,-30.494401931762695,-0.021139487624168396,9.41555995020361
8189727,0,193.0662384033203,-30.25896644592285,-0.02113998308777809,9.419151256170355
8189728,0,193.0693359375,-30.02345085144043,-0.02113986946642399,9.422068420219615
8189729,0,193.07235717773438,-29.78788185119629,-0.021138876676559448,9.423868862311815
8189730,0,193.0753631591797,-29.55229949951172,-0.021136589348316193,9.42428239832928
8189731,0,193.0782928466797,-29.31672477722168,-0.021133307367563248,9.423447096265189
8189732,0,193.08116149902344,-29.081195831298828,-0.02112884446978569,9.42150601894162
8189733,0,193.083984375,-28.84572982788086,-0.021123694255948067,9.418656867571059
8189734,0,193.08670043945312,-28.610355377197266,-0.021117858588695526,9.414564395422575
8189735,0,193.08937072753906,-28.375106811523438,-0.021111411973834038,9.409655553270387
8189736,0,193.0919952392578,-28.139989852905273,-0.021104736253619194,9.404164530531947
8189737,0,193.09458923339844,-27.90500831604004,-0.021098213270306587,9.398692836033469
8189738,0,193.09716796875,-27.670166015625,-0.021092146635055542,9.393188057634353
8189739,0,193.09974670410156,-27.43545913696289,-0.02108673006296158,9.387653289923865
8189740,0,193.10227966308594,-27.20088768005371,-0.021081961691379547,9.382262109404243
8189741,0,193.1048126220703,-26.96645164489746,-0.02107768878340721,9.376766581177522
8189742,0,193.1073455810547,-26.732152938842773,-0.021073950454592705,9.371247683324173
8189743,0,193.10983276367188,-26.497987747192383,-0.02107086218893528,9.365975596640787
8189744,0,193.11236572265625,-26.26393699645996,-0.021068496629595757,9.361443434386278
8189745,0,193.1149139404297,-26.02998924255371,-0.02106708474457264,9.357647762456065
8189746,0,193.1174774169922,-25.79612159729004,-0.021066702902317047,9.354438438506726
8189747,0,193.1200714111328,-25.56233024597168,-0.021066894754767418,9.351406277768799
8189748,0,193.1227264404297,-25.328617095947266,-0.021067503839731216,9.348572072723226
8189749,0,193.12542724609375,-25.09496307373047,-0.021068420261144638,9.346173238910044
8189750,0,193.12815856933594,-24.861364364624023,-0.021069716662168503,9.344059821968973
8189751,0,193.13095092773438,-24.62781524658203,-0.02107120491564274,9.342133362075602
8189752,0,193.1337890625,-24.394306182861328,-0.021072883158922195,9.340527543475423
8189753,0,193.13668823242188,-24.160829544067383,-0.021074676886200905,9.339409895821285
8189754,0,193.1396484375,-23.9273681640625,-0.021077269688248634,9.33930850719535
8189755,0,193.14263916015625,-23.693899154663086,-0.021079977974295616,9.339473217798114
8189756,0,193.14564514160156,-23.460432052612305,-0.021082649007439613,9.339472922615414
8189757,0,193.1486358642578,-23.226964950561523,-0.021085204556584358,9.339451585069584
8189758,0,193.15158081054688,-22.99349021911621,-0.021087646484375,9.339710181463271
8189759,0,193.15451049804688,-22.7600040435791,-0.021089859306812286,9.340156098061355
8189760,0,193.15733337402344,-22.52651023864746,-0.02109203301370144,9.340406476350658
8189761,0,193.1600799560547,-22.293020248413086,-0.02109367400407791,9.34016792879845
8189762,0,193.16268920898438,-22.059539794921875,-0.02109474129974842,9.339506380748835
8189763,0,193.1652069091797,-21.826078414916992,-0.02109519951045513,9.338620666833744
8189764,0,193.16761779785156,-21.59264373779297,-0.021095389500260353,9.337644190688685
8189765,0,193.1698455810547,-21.359235763549805,-0.02109527587890625,9.336386253841475
8189766,0,193.17196655273438,-21.125858306884766,-0.021095046773552895,9.335220703931961
8189767,0,193.1739959716797,-20.892499923706055,-0.021094894036650658,9.334656194447238
8189768,0,193.17591857910156,-20.659137725830078,-0.02109527587890625,9.334787022414995
8189769,0,193.17776489257812,-20.425762176513672,-0.021096229553222656,9.335492671920523
8189770,0,193.1795196533203,-20.192359924316406,-0.021097641438245773,9.336635593050019
8189771,0,193.18125915527344,-19.958925247192383,-0.02109939604997635,9.337985458764656
8189772,0,193.18296813964844,-19.72545623779297,-0.021100997924804688,9.339283044393198
8189773,0,193.18470764160156,-19.49195098876953,-0.021102866157889366,9.340724417312957
8189774,0,193.18641662597656,-19.25840950012207,-0.02110462076961994,9.342282717190379
8189775,0,193.18821716308594,-19.024826049804688,-0.0211062990128994,9.344040021222089
8189776,0,193.1900177001953,-18.791187286376953,-0.02110820636153221,9.346384902143294
8189777,0,193.19186401367188,-18.557485580444336,-0.021110152825713158,9.348871595017943
8189778,0,193.19371032714844,-18.32373046875,-0.02111179381608963,9.350872535890634
8189779,0,193.19561767578125,-18.089935302734375,-0.02111312747001648,9.352502574772206
8189780,0,193.19761657714844,-17.856109619140625,-0.021113891154527664,9.35348049339877
8189781,0,193.19972229003906,-17.622270584106445,-0.021113967522978783,9.35399486082057
8189782,0,193.20196533203125,-17.388431549072266,-0.02111339569091797,9.353981751307069
8189783,0,193.20433044433594,-17.15461540222168,-0.021111946552991867,9.352669233080418
8189784,0,193.20681762695312,-16.920879364013672,-0.02110900916159153,9.348983558701661
8189785,0,193.20941162109375,-16.687259674072266,-0.02110469713807106,9.344461245568057
8189786,0,193.21214294433594,-16.4537296295166,-0.021100616082549095,9.341293634099207
8189787,0,193.21493530273438,-16.220237731933594,-0.021097755059599876,9.340349354194428
8189788,0,193.2178497314453,-15.986733436584473,-0.021096915006637573,9.34131743195424
8189789,0,193.22085571289062,-15.753182411193848,-0.021097831428050995,9.343294892788386
8189790,0,193.22398376464844,-15.51957893371582,-0.021099623292684555,9.345481578296797
8189791,0,193.22715759277344,-15.285922050476074,-0.021101951599121094,9.347615422734876
8189792,0,193.2304229736328,-15.052206993103027,-0.021104468032717705,9.350133582164878
8189793,0,193.23382568359375,-14.8184232711792,-0.021107139065861702,9.35285727691923
8189794,0,193.23736572265625,-14.584572792053223,-0.02110973373055458,9.355759977558165
8189795,0,193.2410125732422,-14.35064697265625,-0.021112365648150444,9.358833018929609
8189796,0,193.24484252929688,-14.116647720336914,-0.021114768460392952,9.361880167242893
8189797,0,193.2488250732422,-13.882574081420898,-0.02111709490418434,9.36494412778535
8189798,0,193.25299072265625,-13.648441314697266,-0.021118659526109695,9.36726688648846
8189799,0,193.25726318359375,-13.414268493652344,-0.021119650453329086,9.368860526441653
8189800,0,193.26161193847656,-13.1800537109375,-0.021120108664035797,9.370674362559592
8189801,0,193.26605224609375,-12.945784568786621,-0.021120529621839523,9.372968998965797
8189802,0,193.27052307128906,-12.711457252502441,-0.021120909601449966,9.375506954583106
8189803,0,193.27503967285156,-12.477054595947266,-0.021121863275766373,9.378630505305908
8189804,0,193.27952575683594,-12.24258041381836,-0.021122664213180542,9.381228683420352
8189805,0,193.2840118408203,-12.008071899414062,-0.021122664213180542,9.382233852922935
8189806,0,193.2884521484375,-11.7735595703125,-0.021121634170413017,9.382130530016942
8189807,0,193.29283142089844,-11.539072036743164,-0.021119499579072,9.380638471889782
8189808,0,193.29708862304688,-11.304731369018555,-0.02111392840743065,9.371770211449359
8189809,0,193.3011932373047,-11.071065902709961,-0.02109580859541893,9.338811857905599
8189810,0,193.30506896972656,-10.838706016540527,-0.02105865441262722,9.280837188298127
8189811,0,193.30873107910156,-10.608272552490234,-0.021000556647777557,9.198063164256725
8189812,0,193.31214904785156,-10.38038444519043,-0.020921897143125534,9.090719569273976
8189813,0,193.31529235839844,-10.155646324157715,-0.02082393690943718,8.959084491029136
8189814,0,193.3181915283203,-9.934858322143555,-0.020704040303826332,8.788083846584438
8189815,0,193.32089233398438,-9.71914291381836,-0.020557021722197533,8.582154721877819
8189816,0,193.32337951660156,-9.508636474609375,-0.02040126733481884,8.373596664846742
8189817,0,193.32568359375,-9.303348541259766,-0.02024993859231472,8.164696492081356
8189818,0,193.3278045654297,-9.10326862335205,-0.020109329372644424,7.955971282868654
8189819,0,193.329833984375,-8.908391952514648,-0.019982757046818733,7.747378752631051
8189820,0,193.33177185058594,-8.718720436096191,-0.019870605319738388,7.538644616083624
8189821,0,193.33363342285156,-8.53410816192627,-0.019775886088609695,7.341561643935439
8189822,0,193.3353729248047,-8.353686332702637,-0.019713591784238815,7.17615925106215
8189823,0,193.33702087402344,-8.177675247192383,-0.01966731995344162,7.001731681564002
8189824,0,193.33853149414062,-8.005294799804688,-0.019647903740406036,6.858044501659737
8189825,0,193.33987426757812,-7.8370890617370605,-0.01963169127702713,6.6833941821620355
8189826,0,193.3411102294922,-7.673801898956299,-0.019602736458182335,6.4806229982233
8189827,0,193.34222412109375,-7.515720844268799,-0.01956336945295334,6.272671079168383
8189828,0,193.34323120117188,-7.3628411293029785,-0.01952083595097065,6.064675895647335
8189829,0,193.34423828125,-7.215166091918945,-0.019479064270853996,5.8562900962411994
8189830,0,193.34510803222656,-7.072696208953857,-0.019439850002527237,5.648062578671224
8189831,0,193.3459930419922,-6.935225009918213,-0.019409485161304474,5.455805609781722
8189832,0,193.3468475341797,-6.801478862762451,-0.019411925226449966,5.319217063671409
8189833,0,193.34768676757812,-6.670102596282959,-0.01945934258401394,5.236222773959291
8189834,0,193.34852600097656,-6.5397820472717285,-0.01955467090010643,5.205331031641941
8189835,0,193.34934997558594,-6.4110870361328125,-0.019656028598546982,5.125629430594903
8189836,0,193.35009765625,-6.284511089324951,-0.019745254889130592,5.037502886675713
8189837,0,193.35073852539062,-6.160433292388916,-0.019930915907025337,4.9339672559564125
8189838,0,193.3512725830078,-6.039270401000977,-0.020149460062384605,4.814338556066719
8189839,0,193.35166931152344,-5.921418190002441,-0.020283928140997887,4.678260956510498
8189840,0,193.3519744873047,-5.807301044464111,-0.020353088155388832,4.5250979888232425
8189841,0,193.35214233398438,-5.697361469268799,-0.020370978862047195,4.354561201100527
8189842,0,193.35220336914062,-5.591858863830566,-0.0203524399548769,4.176131792969906
8189843,0,193.35215759277344,-5.490899085998535,-0.02031070739030838,3.9937974929409186
8189844,0,193.35205078125,-5.394569396972656,-0.020255394279956818,3.807961707441395
8189845,0,193.3518524169922,-5.302929401397705,-0.020193137228488922,3.619862765111104
8189846,0,193.35159301757812,-5.216038227081299,-0.020128440111875534,3.429312369122905
8189847,0,193.3513641357422,-5.133948802947998,-0.02006431482732296,3.2367679736498154
8189848,0,193.35110473632812,-5.056692600250244,-0.020002974197268486,3.043176472360184
8189849,0,193.3509063720703,-4.984288692474365,-0.019945792853832245,2.8487634531015007
8189850,0,193.3507537841797,-4.916752338409424,-0.01989341713488102,2.6538185183915046
8189851,0,193.35067749023438,-4.854092121124268,-0.019846191629767418,2.4586057029869144
8189852,0,193.35064697265625,-4.7960124015808105,-0.019810447469353676,2.281959450620913
8189853,0,193.35061645507812,-4.741606712341309,-0.019799498841166496,2.1444414126481224
8189854,0,193.35064697265625,-4.689777851104736,-0.019822997972369194,2.0519136266044926
8189855,0,193.3506622314453,-4.639312267303467,-0.019886931404471397,2.0086570709962333
8189856,0,193.35069274902344,-4.589288711547852,-0.01998649537563324,1.995131912056391
8189857,0,193.3507537841797,-4.539279937744141,-0.020109672099351883,1.9979060600305139
8189858,0,193.35079956054688,-4.488902568817139,-0.020247535780072212,2.0158407711828294
8189859,0,193.35086059570312,-4.437840461730957,-0.020392950624227524,2.0458171376860537
8189860,0,193.35089111328125,-4.3858489990234375,-0.02054004557430744,2.0851511974560206
8189861,0,193.3509063720703,-4.332736968994141,-0.020684774965047836,2.1318185532963847
8189862,0,193.35093688964844,-4.278352737426758,-0.020823784172534943,2.184260025712753
8189863,0,193.3509521484375,-4.222576141357422,-0.020955123007297516,2.2412710628342443
8189864,0,193.35096740722656,-4.16531229019165,-0.021077269688248634,2.3019183987561367
8189865,0,193.3509979248047,-4.106485366821289,-0.021189842373132706,2.3654697442664863
8189866,0,193.35101318359375,-4.0460333824157715,-0.021292533725500107,2.431354091222937
8189867,0,193.35101318359375,-3.983905792236328,-0.021385498344898224,2.49911937960737
8189868,0,193.35107421875,-3.920062780380249,-0.02146903984248638,2.5684076927878823
8189869,0,193.35110473632812,-3.854471445083618,-0.021543845534324646,2.6389352053044823
8189870,0,193.35110473632812,-3.7871041297912598,-0.021610373631119728,2.7104757856228585
8189871,0,193.35116577148438,-3.7179386615753174,-0.021669387817382812,2.7828482516714685
8189872,0,193.35118103027344,-3.6469566822052,-0.021721534430980682,2.8558918332892023
8189873,0,193.35122680664062,-3.5741429328918457,-0.021767577156424522,2.929513468720952
8189874,0,193.3512725830078,-3.499483585357666,-0.02180793695151806,3.003614840869806
8189875,0,193.35130310058594,-3.422968626022339,-0.02184341289103031,3.078112117538241
8189876,0,193.35134887695312,-3.344588041305542,-0.02187446504831314,3.15294251854467
8189877,0,193.35137939453125,-3.2643346786499023,-0.021901702508330345,3.22805531345089
8189878,0,193.35142517089844,-3.182201385498047,-0.02192535437643528,3.30340814108464
8189879,0,193.35145568847656,-3.0981831550598145,-0.021946029737591743,3.3789660698421295
8189880,0,193.3514862060547,-3.012274742126465,-0.021964073181152344,3.4547031157559376
8189881,0,193.3515167236328,-2.9244720935821533,-0.021979941055178642,3.530594751634755
8189882,0,193.3515625,-2.834770679473877,-0.021993674337863922,3.606621150911954
8189883,0,193.35159301757812,-2.7431678771972656,-0.02200550027191639,3.682765163172852
8189884,0,193.3516387939453,-2.64966082572937,-0.02201591432094574,3.759018845770116
8189885,0,193.35169982910156,-2.554246664047241,-0.02202506922185421,3.8353665974606046
8189886,0,193.3517608642578,-2.456923246383667,-0.02203296683728695,3.9117996848165095
8189887,0,193.35183715820312,-2.3576881885528564,-0.022039832547307014,3.98831155755362
8189888,0,193.3519287109375,-2.2565395832061768,-0.02204589731991291,4.06489419312421
8189889,0,193.3520050048828,-2.1534759998321533,-0.022051163017749786,4.141533686602804
8189890,0,193.3521270751953,-2.0484960079193115,-0.022055815905332565,4.218231249738881
8189891,0,193.3522491455078,-1.9415981769561768,-0.022059859707951546,4.294992449314636
8189892,0,193.3523712158203,-1.8327807188034058,-0.022063445299863815,4.371789475578362
8189893,0,193.35256958007812,-1.7220418453216553,-0.022066611796617508,4.448674920241357
8189894,0,193.35281372070312,-1.6093809604644775,-0.022069433704018593,4.525594187823738
8189895,0,193.35308837890625,-1.4947969913482666,-0.022071991115808487,4.602534421174148
8189896,0,193.3534393310547,-1.3782877922058105,-0.022074278444051743,4.6795788968206375
8189897,0,193.3538360595703,-1.2598522901535034,-0.022076338529586792,4.756649617272196
8189898,0,193.35430908203125,-1.1394907236099243,-0.022078055888414383,4.833704973529099
8189899,0,193.35484313964844,-1.0172051191329956,-0.02207965776324272,4.910655209399382
8189900,0,193.3553924560547,-0.892998456954956,-0.022080877795815468,4.9874777113971325
8189901,0,193.35601806640625,-0.7668694853782654,-0.021938933059573174,5.064488440726399
8189902,0,193.35671997070312,-0.639527440071106,-0.02172672189772129,5.085183631076958
8189903,0,193.3574981689453,-0.5122805833816528,-0.02156684920191765,5.087065173257021
8189904,0,193.3583526611328,-0.3851023018360138,-0.02144756354391575,5.086722218819053
8189905,0,193.35931396484375,-0.25798124074935913,-0.02135932818055153,5.08553035667937
8189906,0,193.36036682128906,-0.13090889155864716,-0.021294059231877327,5.084073783890168
8189907,0,193.36154174804688,-0.0038825988303869963,-0.021245993673801422,5.0823917955528035
8189908,0,193.36280822753906,0.12309902161359787,-0.021210212260484695,5.080605728097267
8189909,0,193.3641357421875,0.25003641843795776,-0.021183472126722336,5.0787488650245365
8189910,0,193.36553955078125,0.37692901492118835,-0.02116313949227333,5.076844904794403
8189911,0,193.3670196533203,0.5037765502929688,-0.02114776521921158,5.07492876897427
8189912,0,193.3685760498047,0.6305784583091736,-0.021135712042450905,5.072983625021296
8189913,0,193.37017822265625,0.757334291934967,-0.02112605981528759,5.071037151850567
8189914,0,193.37185668945312,0.8840435743331909,-0.021118393167853355,5.069101911696501
8189915,0,193.37359619140625,1.0107059478759766,-0.02111198380589485,5.067158449611345
8189916,0,193.37542724609375,1.1373214721679688,-0.021106796339154243,5.065231184597577
8189917,0,193.37733459472656,1.2638895511627197,-0.02110237069427967,5.063306143217157
8189918,0,193.3793182373047,1.390410304069519,-0.021098555997014046,5.061389859027771
8189919,0,193.38137817382812,1.516883373260498,-0.021095313131809235,5.059473515642742
8189920,0,193.3834991455078,1.6433086395263672,-0.02109249122440815,5.057546404355551
8189921,0,193.3856658935547,1.769685983657837,-0.02108989655971527,5.055619639835681
8189922,0,193.3878936767578,1.896014928817749,-0.021087799221277237,5.053693544505366
8189923,0,193.39019775390625,2.0241475105285645,-0.0211265180259943,5.146854927950113
8189924,0,193.39259338378906,2.1544253826141357,-0.021189918741583824,5.230832066447553
8189925,0,193.39508056640625,2.286740303039551,-0.021260490640997887,5.311257012216384
8189926,0,193.3976287841797,2.421006202697754,-0.021329155191779137,5.3886750740895195
8189927,0,193.40032958984375,2.5571517944335938,-0.021391600370407104,5.463490941692096
8189928,0,193.40310668945312,2.695117712020874,-0.02144603617489338,5.5360831079269595
8189929,0,193.40597534179688,2.8348543643951416,-0.021492157131433487,5.606771343475813
8189930,0,193.40892028808594,2.9763200283050537,-0.02153060957789421,5.67582335047674
8189931,0,193.4119110107422,3.119478940963745,-0.0215621180832386,5.743489715435654
8189932,0,193.41497802734375,3.2643022537231445,-0.02158760093152523,5.809987579314589
8189933,0,193.41807556152344,3.410764694213867,-0.021607931703329086,5.875473070654504
8189934,0,193.4211883544922,3.558844566345215,-0.021623993292450905,5.940103586943742
8189935,0,193.42428588867188,3.7085235118865967,-0.021636618301272392,6.003997102534387
8189936,0,193.4274139404297,3.85978627204895,-0.02164646051824093,6.067266675076282
8189937,0,193.4305419921875,4.0126190185546875,-0.02165393717586994,6.129999371233287
8189938,0,193.4336700439453,4.1670098304748535,-0.021659545600414276,6.1922729236106475
8189939,0,193.43679809570312,4.322949409484863,-0.021663665771484375,6.2541588002426645
8189940,0,193.43991088867188,4.480429172515869,-0.02166656404733658,6.315707621058594
8189941,0,193.4430694580078,4.639441013336182,-0.02166847139596939,6.376965428270098
8189942,0,193.4462127685547,4.7999796867370605,-0.02166973054409027,6.437978153026636
8189943,0,193.44932556152344,4.962039470672607,-0.021670494228601456,6.498789985098177
8189944,0,193.45245361328125,5.125617027282715,-0.02167079783976078,6.559421683766983
8189945,0,193.45556640625,5.290707111358643,-0.02167079783976078,6.619902172932983
8189946,0,193.4586639404297,5.457307815551758,-0.021670570597052574,6.680252177514308
8189947,0,193.4617462158203,5.6254143714904785,-0.021670226007699966,6.740491880323282
8189948,0,193.46478271484375,5.7950263023376465,-0.02166980691254139,6.800637381962318
8189949,0,193.46783447265625,5.966141223907471,-0.021669119596481323,6.860695118005655
8189950,0,193.47085571289062,6.138755798339844,-0.021668624132871628,6.92068244154942
8189951,0,193.47390747070312,6.312869548797607,-0.021668128669261932,6.980608900055929
8189952,0,193.4769287109375,6.488481521606445,-0.02166748046875,7.040487861339357
8189953,0,193.47999572753906,6.665588855743408,-0.021666832268238068,7.10032192098282
8189954,0,193.4831085205078,6.84419059753418,-0.02166641131043434,7.160121130193976
8189955,0,193.48622131347656,7.024286270141602,-0.021665915846824646,7.219885650721013
8189956,0,193.48939514160156,7.205876350402832,-0.021665534004569054,7.2796232743656715
8189957,0,193.4925537109375,7.38895845413208,-0.021665038540959358,7.339338345588326
8189958,0,193.49575805664062,7.573533058166504,-0.021664733067154884,7.399027964101545
8189959,0,193.49899291992188,7.759598731994629,-0.021664466708898544,7.458685617186603
8189960,0,193.5022430419922,7.947155475616455,-0.02166416123509407,7.518307050982781
8189961,0,193.50550842285156,8.136201858520508,-0.02166389487683773,7.577902935172732
8189962,0,193.5087432861328,8.326738357543945,-0.02166362665593624,7.637436063114808
8189963,0,193.511962890625,8.51876163482666,-0.021663321182131767,7.696896895194129
8189964,0,193.51516723632812,8.712270736694336,-0.02166309393942356,7.756275944260854
8189965,0,193.5183563232422,8.90726375579834,-0.021662788465619087,7.81555849282214
8189966,0,193.52149963378906,9.103736877441406,-0.021662482991814613,7.874743311773269
8189967,0,193.5246124267578,9.301689147949219,-0.021662063896656036,7.933850084105819
8189968,0,193.5276641845703,9.501118659973145,-0.021661605685949326,7.992855712071901
8189969,0,193.53065490722656,9.702022552490234,-0.02166118659079075,8.051763674798408
8189970,0,193.5335693359375,9.904397964477539,-0.02166065201163292,8.110563360792531
8189971,0,193.53640747070312,10.10824203491211,-0.02166011743247509,8.169242081653907
8189972,0,193.53916931152344,10.313552856445312,-0.021659506484866142,8.227816531467637
8189973,0,193.5418701171875,10.520326614379883,-0.021658821031451225,8.286264959454451
8189974,0,193.54449462890625,10.728561401367188,-0.02165813371539116,8.344619869440667
8189975,0,193.54701232910156,10.938253402709961,-0.02165752276778221,8.402856907459238
8189976,0,193.54942321777344,11.14940071105957,-0.021656760945916176,8.460971660589761
8189977,0,193.55177307128906,11.361997604370117,-0.021656036376953125,8.518972377005547
8189978,0,193.55401611328125,11.576045989990234,-0.021655119955539703,8.576846835215639
8189979,0,193.55621337890625,11.791539192199707,-0.021654434502124786,8.634599225169465
8189980,0,193.55831909179688,12.00847339630127,-0.021653594449162483,8.692238275168657
8189981,0,193.5603485107422,12.226847648620605,-0.021652717143297195,8.749750762792731
8189982,0,193.5623016357422,12.446661949157715,-0.02165202982723713,8.807428960597987
8189983,0,193.5641632080078,12.66690731048584,-0.021628761664032936,8.810099390227379
8189984,0,193.5658721923828,12.887051582336426,-0.02158489264547825,8.806600131046904
8189985,0,193.5675506591797,13.107104301452637,-0.021532859653234482,8.80309346297684
8189986,0,193.56912231445312,13.327067375183105,-0.02147953025996685,8.799575148639638
8189987,0,193.5706024169922,13.546945571899414,-0.021428793668746948,8.796063699062195
8189988,0,193.57200622558594,13.766737937927246,-0.021381910890340805,8.792550305094972
8189989,0,193.57333374023438,13.98644733428955,-0.02133975923061371,8.789035735197409
8189990,0,193.57460021972656,14.206073760986328,-0.02130252867937088,8.785517740809201
8189991,0,193.57582092285156,14.425617218017578,-0.02126995101571083,8.781979038075104
8189992,0,193.57693481445312,14.645075798034668,-0.021241569891572,8.77844571534074
8189993,0,193.57798767089844,14.864449501037598,-0.021217117086052895,8.774910355889606
8189994,0,193.5789031982422,15.08373737335205,-0.021195944398641586,8.77136741954309
8189995,0,193.5797576904297,15.302937507629395,-0.02117767371237278,8.767758553830417
8189996,0,193.5804443359375,15.522050857543945,-0.021161764860153198,8.764185454006117
8189997,0,193.58094787597656,15.741077423095703,-0.021148299798369408,8.760653151253914
8189998,0,193.58128356933594,15.9600191116333,-0.0211368165910244,8.757102016422529
8189999,0,193.5813751220703,16.178871154785156,-0.02112678438425064,8.75352681976411
8190000,0,193.5812225341797,16.39763641357422,-0.02111835405230522,8.749961466116833
8190001,0,193.580810546875,16.616313934326172,-0.02111106738448143,8.746441116472479
8190002,0,193.58013916015625,16.834903717041016,-0.02110488899052143,8.742931424706608
8190003,0,193.57916259765625,17.053760528564453,-0.021108169108629227,8.76733045884321
8190004,0,193.577880859375,17.27402114868164,-0.021139182150363922,8.823560765843965
8190005,0,193.5763397216797,17.495676040649414,-0.021182479336857796,8.878680570382583
8190006,0,193.57449340820312,17.718677520751953,-0.0212290957570076,8.932109084168745
8190007,0,193.5723419189453,17.942975997924805,-0.021273726597428322,8.983652501262052
8190008,0,193.56997680664062,18.168514251708984,-0.02131355181336403,9.03285579489709
8190009,0,193.5673370361328,18.395225524902344,-0.02134750410914421,9.079416753281338
8190010,0,193.56451416015625,18.623044967651367,-0.021375007927417755,9.123564330246776
8190011,0,193.56149291992188,18.8519229888916,-0.021396445110440254,9.165569409242085
8190012,0,193.5583953857422,19.081806182861328,-0.02141246758401394,9.205520480465891
8190013,0,193.5552520751953,19.312644958496094,-0.02142379805445671,9.243402565768513
8190014,0,193.55206298828125,19.544389724731445,-0.021430853754281998,9.279347459640602
8190015,0,193.548828125,19.776994705200195,-0.021434402093291283,9.31342303729311
8190016,0,193.54562377929688,20.01042366027832,-0.021435050293803215,9.34593983154876
8190017,0,193.5424346923828,20.24462890625,-0.021433142945170403,9.376831444980407
8190018,0,193.53927612304688,20.47957420349121,-0.021429404616355896,9.406023869334796
8190019,0,193.53619384765625,20.715219497680664,-0.02142387256026268,9.433487284251266
8190020,0,193.53314208984375,20.951519012451172,-0.021416816860437393,9.45929524964145
8190021,0,193.53016662597656,21.188426971435547,-0.021408386528491974,9.483370300297818
8190022,0,193.5272216796875,21.42591094970703,-0.021398963406682014,9.505859826131008
8190023,0,193.52430725097656,21.663923263549805,-0.02138877846300602,9.526679833656123
8190024,0,193.5214080810547,21.902429580688477,-0.021377792581915855,9.54608726148421
8190025,0,193.5184783935547,22.141395568847656,-0.0213664248585701,9.5642946276221
8190026,0,193.5155487060547,22.38079833984375,-0.021354904398322105,9.581314220716383
8190027,0,193.5125274658203,22.62059211730957,-0.021343039348721504,9.596750909007552
8190028,0,193.5094451904297,22.86074447631836,-0.021330947056412697,9.610597541178667
8190029,0,193.5062713623047,23.101205825805664,-0.021318359300494194,9.622459158626153
8190030,0,193.50294494628906,23.341922760009766,-0.021305274218320847,9.632509713234088
8190031,0,193.49951171875,23.582860946655273,-0.021291732788085938,9.641035970198473
8190032,0,193.4959259033203,23.823984146118164,-0.021277999505400658,9.64808990934244
8190033,0,193.49221801757812,24.065250396728516,-0.02126411348581314,9.65343841992194
8190034,0,193.48838806152344,24.306617736816406,-0.021250076591968536,9.657228083313068
8190035,0,193.48440551757812,24.548046112060547,-0.021235771477222443,9.659383611072641
8190036,0,193.4803009033203,24.789499282836914,-0.02122138999402523,9.659952958346587
8190037,0,193.47607421875,25.030929565429688,-0.021206893026828766,9.658772499605174
8190038,0,193.47171020507812,25.272296905517578,-0.021192092448472977,9.6558199179532
8190039,0,193.46722412109375,25.513553619384766,-0.021177023649215698,9.651140237383654
8190040,0,193.462646484375,25.754669189453125,-0.02116214670240879,9.645376131751926
8190041,0,193.4580078125,25.995624542236328,-0.021147727966308594,9.638902931478938
8190042,0,193.45333862304688,26.236417770385742,-0.021134337410330772,9.63223604410318
8190043,0,193.44866943359375,26.477041244506836,-0.02112201601266861,9.625461702886907
8190044,0,193.44407653808594,26.717496871948242,-0.021110916510224342,9.618599267691287
8190045,0,193.43954467773438,26.957782745361328,-0.021101035177707672,9.611729826586291
8190046,0,193.4351348876953,27.197904586791992,-0.021092567592859268,9.605070149402808
8190047,0,193.4308319091797,27.437868118286133,-0.021085357293486595,9.598641233902386
8190048,0,193.42669677734375,27.677682876586914,-0.02107955887913704,9.592682984339403
8190049,0,193.42271423339844,27.917354583740234,-0.02107471413910389,9.586928729126557
8190050,0,193.4188995361328,28.15689468383789,-0.021070899441838264,9.58141059754314
8190051,0,193.415283203125,28.396297454833984,-0.021067924797534943,9.576123855781992
8190052,0,193.4118194580078,28.635578155517578,-0.02106574922800064,9.570991499777268
8190053,0,193.40847778320312,28.874731063842773,-0.021063918247818947,9.56570367903604
8190054,0,193.40530395507812,29.113746643066406,-0.021062279120087624,9.560092013760896
8190055,0,193.40228271484375,29.352617263793945,-0.021060599014163017,9.554070862108823
8190056,0,193.39938354492188,29.591331481933594,-0.02105873078107834,9.54777922733962
8190057,0,193.39659118652344,29.82988739013672,-0.02105693705379963,9.54126921601741
8190058,0,193.3938751220703,30.06827735900879,-0.02105506882071495,9.534607324106116
8190059,0,193.39120483398438,30.306495666503906,-0.02105327509343624,9.527696835790069
8190060,0,193.3885498046875,30.544538497924805,-0.02105121500790119,9.52041343545967
8190061,0,193.38587951660156,30.78238868713379,-0.021049117669463158,9.512775725725618
8190062,0,193.38316345214844,31.02004051208496,-0.021046943962574005,9.504695040711267
8190063,0,193.38034057617188,31.257482528686523,-0.02104446291923523,9.496267027627924
8190064,0,193.37741088867188,31.494794845581055,-0.02104393020272255,9.49229489981772
8190065,0,193.3743438720703,31.732011795043945,-0.021044844761490822,9.488459187304027
8190066,0,193.3711700439453,31.96912956237793,-0.021046791225671768,9.484638057123263
8190067,0,193.3678741455078,32.206153869628906,-0.021048888564109802,9.480783205231711
8190068,0,193.36439514160156,32.44308090209961,-0.021050985902547836,9.476964301772881
8190069,0,193.3607940673828,32.679908752441406,-0.0210530087351799,9.473154571986665
8190070,0,193.35702514648438,32.9166374206543,-0.021054916083812714,9.469348902464462
8190071,0,193.35311889648438,33.15326690673828,-0.02105659432709217,9.465525926984602
8190072,0,193.3490753173828,33.389801025390625,-0.02105792984366417,9.461705578919116
8190073,0,193.34494018554688,33.62623596191406,-0.02105918899178505,9.457876965486044
8190074,0,193.34075927734375,33.86257553100586,-0.02106037177145481,9.454036981307192
8190075,0,193.33656311035156,34.098819732666016,-0.021061325445771217,9.450225814081108
8190076,0,193.3323974609375,34.334964752197266,-0.021062050014734268,9.446398204988947
8190077,0,193.32823181152344,34.57101821899414,-0.02106277458369732,9.442551879739328
8190078,0,193.3241729736328,34.80697250366211,-0.021063460037112236,9.438724416611908
8190079,0,193.32020568847656,35.04283905029297,-0.021064070984721184,9.434918549817052
8190080,0,193.31637573242188,35.27861022949219,-0.021064529195427895,9.431115104636534
8190081,0,193.31271362304688,35.51428985595703,-0.02106483466923237,9.427274608142561
8190082,0,193.30917358398438,35.7498664855957,-0.02106510102748871,9.42327933678731
8190083,0,193.30581665039062,35.985355377197266,-0.02106536738574505,9.419492850421316
8190084,0,193.30270385742188,36.22031784057617,-0.02105506882071495,9.381600997726315
8190085,0,193.29983520507812,36.45347595214844,-0.02101459540426731,9.311254212002108
8190086,0,193.29718017578125,36.68502426147461,-0.020964622497558594,9.24908147579308
8190087,0,193.2947540283203,36.9151725769043,-0.020916862413287163,9.195031479295317
8190088,0,193.29249572753906,37.144126892089844,-0.020877189934253693,9.148690439815468
8190089,0,193.29034423828125,37.3720703125,-0.020848006010055542,9.109909880714644
8190090,0,193.2882843017578,37.59918212890625,-0.020829543471336365,9.077972602605879
8190091,0,193.28622436523438,37.82562255859375,-0.020821113139390945,9.052125155423598
8190092,0,193.28419494628906,38.05152130126953,-0.020821036770939827,9.031525043513
8190093,0,193.28211975097656,38.277008056640625,-0.020828017964959145,9.015891486303765
8190094,0,193.2799530029297,38.502193450927734,-0.02084098756313324,9.004907813774162
8190095,0,193.2776641845703,38.72718048095703,-0.020858192816376686,8.997974698149903
8190096,0,193.27525329589844,38.95206832885742,-0.020878944545984268,8.994571367508172
8190097,0,193.27268981933594,39.17692184448242,-0.02090148814022541,8.993901878637395
8190098,0,193.2699737548828,39.40180206298828,-0.020925329998135567,8.995716398382044
8190099,0,193.26710510253906,39.62677001953125,-0.020949477329850197,8.99979479252592
8190100,0,193.26409912109375,39.85187530517578,-0.020973701030015945,9.005884903916602
8190101,0,193.2609405517578,40.0771598815918,-0.020997390151023865,9.013634307988264
8190102,0,193.2576904296875,40.302669525146484,-0.02102043107151985,9.023131087316965
8190103,0,193.25439453125,40.528446197509766,-0.021042747423052788,9.034243887384903
8190104,0,193.25100708007812,40.7545280456543,-0.0210640337318182,9.046506060637276
8190105,0,193.24758911132812,40.980926513671875,-0.02108413726091385,9.059567397388031
8190106,0,193.24420166015625,41.20766067504883,-0.021102676168084145,9.073286424701775
8190107,0,193.24075317382812,41.43474578857422,-0.021119918674230576,9.08780673870152
8190108,0,193.23731994628906,41.6622200012207,-0.02113593928515911,9.103250866056669
8190109,0,193.23390197753906,41.890098571777344,-0.021151160821318626,9.119944865559997
8190110,0,193.2305450439453,42.11841583251953,-0.021165503188967705,9.13781257458244
8190111,0,193.22726440429688,42.34719467163086,-0.02117927558720112,9.156437271963615
8190112,0,193.2240447998047,42.57645034790039,-0.02119220606982708,9.175461251196948
8190113,0,193.2209014892578,42.80617904663086,-0.02120395563542843,9.194418449060304
8190114,0,193.2178497314453,43.036380767822266,-0.021214216947555542,9.213114315327648
8190115,0,193.21495056152344,43.26704406738281,-0.021223105490207672,9.231656039039002
8190116,0,193.21226501464844,43.49817657470703,-0.021230774000287056,9.250136730680946
8190117,0,193.2097625732422,43.72975540161133,-0.021237105131149292,9.268082903961012
8190118,0,193.20745849609375,43.9617805480957,-0.02124221809208393,9.285436516827666
