ts,agent_id,x,y,z,v
10551856,0,192.36241149902344,-86.26268005371094,0.5760391354560852,0.0
10551857,0,192.36241149902344,-86.26268005371094,0.5347328782081604,0.0
10551858,0,192.36241149902344,-86.26268005371094,0.4873131513595581,0.0
10551859,0,192.36241149902344,-86.26268005371094,0.43378135561943054,0.0
10551860,0,192.36241149902344,-86.26268005371094,0.37413910031318665,0.0
10551861,0,192.36241149902344,-86.26268005371094,0.3083879053592682,0.0
10551862,0,192.36241149902344,-86.26268005371094,0.23652930557727814,0.0
10551863,0,192.36241149902344,-86.26268005371094,0.15856479108333588,0.0
10551864,0,192.36241149902344,-86.26268005371094,0.07449592649936676,0.0
10551865,0,192.36241149902344,-86.26268005371094,-0.0014325713273137808,6.922475102439362e-08
10551866,0,192.36241149902344,-86.26268005371094,-0.04976116120815277,2.054172650828358e-07
10551867,0,192.36241149902344,-86.26268005371094,-0.0790141299366951,5.247182207220074e-08
10551868,0,192.36241149902344,-86.26268005371094,-0.09499464184045792,8.292431732372625e-08
10551869,0,192.36241149902344,-86.26268005371094,-0.09607665985822678,0.0018348755783597617
10551870,0,192.36241149902344,-86.2625503540039,-0.09360036998987198,0.006436528188901744
10551871,0,192.36244201660156,-86.26248168945312,-0.08894704282283783,0.0026666723915598207
10551872,0,192.36244201660156,-86.26243591308594,-0.0831238329410553,0.0007271475584864136
10551873,0,192.36244201660156,-86.2624282836914,-0.07681388407945633,0.00026698623983692374
10551874,0,192.36245727539062,-86.26243591308594,-0.07046787440776825,0.000719900817651422
10551875,0,192.36245727539062,-86.26245880126953,-0.06437091529369354,0.0009065262084269294
10551876,0,192.36244201660156,-86.26248168945312,-0.05869167298078537,0.0009505758092121658
10551877,0,192.36244201660156,-86.26250457763672,-0.05351840704679489,0.0009215347106423851
10551878,0,192.36241149902344,-86.26252746582031,-0.04888519272208214,0.0008577897761103898
10551879,0,192.36241149902344,-86.26255798339844,-0.044789884239435196,0.0007799667267943478
10551880,0,192.36244201660156,-86.2625732421875,-0.04120860993862152,0.000699501363278606
10551881,0,192.36245727539062,-86.2625961303711,-0.0381040945649147,0.0006213538396196423
10551882,0,192.36245727539062,-86.26261901855469,-0.03543258458375931,0.0005486385603407112
10551883,0,192.3624725341797,-86.26263427734375,-0.03314792737364769,0.0004828092812757702
10551884,0,192.3625030517578,-86.26264190673828,-0.03120456635951996,0.0004234033204821448
10551885,0,192.3625030517578,-86.26265716552734,-0.029559249058365822,0.00037048323411112367
10551886,0,192.3625030517578,-86.26266479492188,-0.028171919286251068,0.0003239083557879646
10551887,0,192.36251831054688,-86.2626724243164,-0.02700645476579666,0.00028264017218516653
10551888,0,192.36251831054688,-86.26268005371094,-0.026030387729406357,0.00024679729901839955
10551889,0,192.36251831054688,-86.2626953125,-0.025215454399585724,0.0002150476460724784
10551890,0,192.36253356933594,-86.2626953125,-0.024536781013011932,0.00018735397351082864
10551891,0,192.36253356933594,-86.26270294189453,-0.023972930386662483,0.00016341527832853446
10551892,0,192.36253356933594,-86.26270294189453,-0.023505477234721184,0.00014194112244162593
10551893,0,192.36253356933594,-86.26271057128906,-0.023118704557418823,0.00012336866984770617
10551894,0,192.36253356933594,-86.26271057128906,-0.022799339145421982,0.00010734251861593961
10551895,0,192.362548828125,-86.26271057128906,-0.02253604866564274,9.370869506990814e-05
10551896,0,192.362548828125,-86.26271057128906,-0.022319259122014046,8.154544631417102e-05
10551897,0,192.362548828125,-86.26272583007812,-0.022141074761748314,7.08476697053819e-05
10551898,0,192.362548828125,-86.26272583007812,-0.0219948198646307,6.139454017728161e-05
10551899,0,192.362548828125,-86.26272583007812,-0.02187499962747097,5.3483671610389606e-05
10551900,0,192.362548828125,-86.26272583007812,-0.02177680842578411,4.663700204903737e-05
10551901,0,192.362548828125,-86.26272583007812,-0.02169654704630375,4.035207789259038e-05
10551902,0,192.362548828125,-86.26272583007812,-0.02163093537092209,3.5146124785441486e-05
10551903,0,192.362548828125,-86.26272583007812,-0.0215773768723011,3.063696166423845e-05
10551904,0,192.362548828125,-86.26272583007812,-0.0215773768723011,0.0
10551905,0,192.362548828125,-86.26272583007812,-0.021541861817240715,3.467200290818097e-06
10551906,0,192.362548828125,-86.26272583007812,-0.021525496616959572,2.8941675379476283e-06
10551907,0,192.362548828125,-86.26272583007812,-0.02150745317339897,2.958756839824601e-06
10551908,0,192.362548828125,-86.26272583007812,-0.021489180624485016,2.833654273671696e-06
10551909,0,192.362548828125,-86.26272583007812,-0.021471481770277023,2.5972452427174703e-06
10551910,0,192.362548828125,-86.26272583007812,-0.021454887464642525,2.3620207029717475e-06
10551911,0,192.362548828125,-86.26272583007812,-0.021439742296934128,2.123997609595358e-06
10551912,0,192.362548828125,-86.26272583007812,-0.021426161751151085,1.8855114283141037e-06
10551913,0,192.362548828125,-86.26272583007812,-0.02141410857439041,1.6305322825315402e-06
10551914,0,192.362548828125,-86.26272583007812,-0.02140357904136181,1.3303539280073056e-06
10551915,0,192.362548828125,-86.26272583007812,-0.02139442414045334,1.2246484772164964e-06
10551916,0,192.362548828125,-86.26272583007812,-0.021386565640568733,1.1117182202625962e-06
10551917,0,192.362548828125,-86.26272583007812,-0.02137981355190277,8.970230781287625e-07
10551918,0,192.362548828125,-86.26273345947266,-0.02137405425310135,8.003702682904463e-07
10551919,0,192.362548828125,-86.26273345947266,-0.021369170397520065,6.988721074382822e-07
10551920,0,192.362548828125,-86.26273345947266,-0.021365126594901085,5.956141077040252e-07
10551921,0,192.362548828125,-86.26273345947266,-0.021365126594901085,0.0
10551922,0,192.362548828125,-86.26273345947266,-0.021362189203500748,2.2594330046676923e-07
10551923,0,192.362548828125,-86.26273345947266,-0.02136077918112278,3.7763766804199234e-07
10551924,0,192.362548828125,-86.26273345947266,-0.021359214559197426,3.835310716282081e-07
10551925,0,192.362548828125,-86.26273345947266,-0.021357573568820953,2.871220950965707e-07
10551926,0,192.362548828125,-86.26273345947266,-0.021356048062443733,2.5963028955836226e-07
10551927,0,192.362548828125,-86.26273345947266,-0.021354559808969498,1.7299114279033955e-07
10551928,0,192.362548828125,-86.26273345947266,-0.021353187039494514,2.665019031936719e-07
10551929,0,192.362548828125,-86.26273345947266,-0.021352004259824753,1.7605880523095553e-07
10551930,0,192.362548828125,-86.26273345947266,-0.021350974217057228,1.8738257152699463e-07
10551931,0,192.362548828125,-86.26273345947266,-0.021350974217057228,1.8695927349127486e-07
10551932,0,192.362548828125,-86.26273345947266,-0.021349182352423668,1.1184160051791697e-07
10551933,0,192.362548828125,-86.26273345947266,-0.021349182352423668,1.1405247585419e-07
10551934,0,192.362548828125,-86.26273345947266,-0.02134784683585167,1.593889217274484e-07
10551935,0,192.362548828125,-86.26273345947266,-0.02134784683585167,1.6155814897781635e-07
10551936,0,192.362548828125,-86.26273345947266,-0.02134784683585167,1.8434767680310933e-07
10551937,0,192.362548828125,-86.26273345947266,-0.02134651131927967,1.1958387089278165e-07
10551938,0,192.362548828125,-86.26273345947266,-0.02134651131927967,0.0
10551939,0,192.362548828125,-86.26273345947266,-0.02134651131927967,5.630285795395121e-08
10551940,0,192.362548828125,-86.26273345947266,-0.02134651131927967,5.483049291114316e-08
10551941,0,192.362548828125,-86.26273345947266,-0.02134651131927967,2.8639313246994953e-08
10551942,0,192.362548828125,-86.26273345947266,-0.02134651131927967,2.380493167463265e-08
10551943,0,192.362548828125,-86.26273345947266,-0.02134651131927967,4.6033031381839494e-08
10551944,0,192.362548828125,-86.26273345947266,-0.02134651131927967,8.331267312364115e-08
10551945,0,192.362548828125,-86.26273345947266,-0.02134651131927967,1.1630354112853296e-07
10551946,0,192.362548828125,-86.26273345947266,-0.021345404908061028,3.1052074601440273e-08
10551947,0,192.362548828125,-86.26273345947266,-0.021345404908061028,9.427493670121515e-08
10551948,0,192.362548828125,-86.26273345947266,-0.021345404908061028,8.331624159400862e-08
10551949,0,192.362548828125,-86.26273345947266,-0.021345404908061028,1.1459225803274805e-07
10551950,0,192.362548828125,-86.26273345947266,-0.021345404908061028,7.335943290093732e-08
10551951,0,192.362548828125,-86.26272583007812,-0.021343916654586792,0.0011840516613029937
10551952,0,192.3626251220703,-86.25727081298828,-0.021451149135828018,0.2849849193497433
10551953,0,192.36276245117188,-86.24479675292969,-0.021633606404066086,0.5624370615744466
10551954,0,192.36302185058594,-86.22547912597656,-0.021848639473319054,0.8328579830406111
10551955,0,192.36334228515625,-86.19953155517578,-0.022069090977311134,1.0958802345249687
10551956,0,192.36370849609375,-86.16717529296875,-0.022279510274529457,1.3512486171789349
10551957,0,192.36415100097656,-86.12859344482422,-0.02247035875916481,1.5987995750283044
10551958,0,192.3646697998047,-86.083984375,-0.022637823596596718,1.838442175176085
10551959,0,192.36524963378906,-86.03355407714844,-0.022780073806643486,2.0701478503925324
10551960,0,192.3658905029297,-85.97750091552734,-0.022897375747561455,2.2939393795678114
10551961,0,192.3665771484375,-85.916015625,-0.022991333156824112,2.509889722340527
10551962,0,192.36732482910156,-85.84929656982422,-0.023063888773322105,2.7181107293142097
10551963,0,192.36810302734375,-85.77752685546875,-0.02311687357723713,2.9187479155152474
10551964,0,192.3689422607422,-85.70089721679688,-0.02315296046435833,3.1119821550256432
10551965,0,192.3698272705078,-85.61959075927734,-0.023173941299319267,3.2980169447014482
10551966,0,192.37074279785156,-85.53377532958984,-0.0231822207570076,3.4770786398477704
10551967,0,192.37167358398438,-85.44361114501953,-0.023179510608315468,3.649408580329805
10551968,0,192.37265014648438,-85.34927368164062,-0.023167647421360016,3.815264496895817
10551969,0,192.37364196777344,-85.25091552734375,-0.0231481920927763,3.974909816179726
10551970,0,192.3746795654297,-85.148681640625,-0.023122519254684448,4.128616337797223
10551971,0,192.375732421875,-85.04270935058594,-0.02309184893965721,4.276665117891825
10551972,0,192.3767852783203,-84.93314361572266,-0.023057136684656143,4.419514984691081
10551973,0,192.37786865234375,-84.82008361816406,-0.02301967516541481,4.557596885232669
10551974,0,192.37893676757812,-84.70366668701172,-0.02298019267618656,4.691162196452526
10551975,0,192.38003540039062,-84.58399963378906,-0.022939452901482582,4.820411223145274
10551976,0,192.3811492919922,-84.46116638183594,-0.0228978730738163,4.9455164160312535
10551977,0,192.3822784423828,-84.33528137207031,-0.022709159180521965,5.067743115011465
10551978,0,192.38339233398438,-84.20641326904297,-0.022467421367764473,5.185616626236617
10551979,0,192.38450622558594,-84.07466888427734,-0.02231372706592083,5.299914093269226
10551980,0,192.3855743408203,-83.94011688232422,-0.022217178717255592,5.410776507645603
10551981,0,192.38665771484375,-83.80287170410156,-0.02215702086687088,5.518370519641256
10551982,0,192.38772583007812,-83.66297912597656,-0.02211959846317768,5.622861683391983
10551983,0,192.38880920410156,-83.52052307128906,-0.022095603868365288,5.724409540269034
10551984,0,192.3898468017578,-83.37559509277344,-0.022079315036535263,5.82318736373203
10551985,0,192.39093017578125,-83.22824096679688,-0.022066878154873848,5.919346710250496
10551986,0,192.39198303222656,-83.07852172851562,-0.022056464105844498,6.013040422479732
10551987,0,192.39306640625,-82.926513671875,-0.022046394646167755,6.104411087583388
10551988,0,192.39413452148438,-82.77225494384766,-0.022035865113139153,6.193598221686142
10551989,0,192.39523315429688,-82.61579895019531,-0.02202480286359787,6.280728407492229
10551990,0,192.3963165283203,-82.45721435546875,-0.022012939676642418,6.365923537059219
10551991,0,192.3974151611328,-82.29652404785156,-0.022000273689627647,6.449300698896106
10551992,0,192.39852905273438,-82.13377380371094,-0.021987074986100197,6.530959084450747
10551993,0,192.39962768554688,-81.96902465820312,-0.021973341703414917,6.611005007965147
10551994,0,192.40074157714844,-81.80229187011719,-0.02195926569402218,6.6895293175913535
10551995,0,192.4018096923828,-81.63362884521484,-0.02194499969482422,6.766626768342554
10551996,0,192.40289306640625,-81.46306610107422,-0.021930694580078125,6.8423717778588005
10551997,0,192.40394592285156,-81.2906265258789,-0.02191638946533203,6.91684201211686
10551998,0,192.4049530029297,-81.11634826660156,-0.02190227434039116,6.990098068252832
10551999,0,192.4059600830078,-80.94026184082031,-0.02188846468925476,7.062218919238785
10552000,0,192.4069061279297,-80.76239013671875,-0.02187473326921463,7.133257997102846
10552001,0,192.40785217285156,-80.58275604248047,-0.02186160907149315,7.20326966056285
10552002,0,192.4087677001953,-80.40139770507812,-0.021848754957318306,7.272297788034152
10552003,0,192.40963745117188,-80.21833038330078,-0.021836357191205025,7.340395473660457
10552004,0,192.4104766845703,-80.0335693359375,-0.021824415773153305,7.407627729664978
10552005,0,192.41128540039062,-79.8471450805664,-0.021812820807099342,7.474010318494561
10552006,0,192.4120330810547,-79.65907287597656,-0.021801643073558807,7.539594051264894
10552007,0,192.41273498535156,-79.46937561035156,-0.021791037172079086,7.604415344336858
10552008,0,192.41339111328125,-79.278076171875,-0.02178085222840309,7.668501215067657
10552009,0,192.4140167236328,-79.0851821899414,-0.021771086379885674,7.731883570704854
10552010,0,192.41461181640625,-78.8907241821289,-0.02176162600517273,7.794590778629642
10552011,0,192.41513061523438,-78.69469451904297,-0.021752776578068733,7.856963850221576
10552012,0,192.41558837890625,-78.49825286865234,-0.021718978881835938,7.85769932228245
10552013,0,192.416015625,-78.30191040039062,-0.0216646958142519,7.854666564305065
10552014,0,192.41636657714844,-78.10565185546875,-0.021602630615234375,7.851575223128284
10552015,0,192.4166717529297,-77.90946960449219,-0.021540449932217598,7.848480043928543
10552016,0,192.4169158935547,-77.71336364746094,-0.02148132212460041,7.845381952170904
10552017,0,192.41712951660156,-77.517333984375,-0.021427344530820847,7.84228319789132
10552018,0,192.4172821044922,-77.32138061523438,-0.02137916535139084,7.839184837730283
10552019,0,192.41741943359375,-77.12549591064453,-0.021336479112505913,7.8360873206251025
10552020,0,192.41751098632812,-76.9296875,-0.021299246698617935,7.8329882316926
10552021,0,192.4176483154297,-76.73394012451172,-0.021266860887408257,7.829891059390369
10552022,0,192.41775512695312,-76.53827667236328,-0.02123897522687912,7.826796095044477
10552023,0,192.41786193847656,-76.34268188476562,-0.021214867010712624,7.82370036706445
10552024,0,192.41798400878906,-76.14716339111328,-0.021194076165556908,7.820519912770312
10552025,0,192.4181365966797,-75.95172882080078,-0.021176069974899292,7.81736000608735
10552026,0,192.41835021972656,-75.75636291503906,-0.02116069756448269,7.814275811110083
10552027,0,192.41867065429688,-75.56107330322266,-0.021147651597857475,7.811192294654116
10552028,0,192.41909790039062,-75.36585998535156,-0.021136397495865822,7.808094025795051
10552029,0,192.41966247558594,-75.17071533203125,-0.021126708015799522,7.805024044091269
10552030,0,192.42030334472656,-74.97565460205078,-0.021118469536304474,7.801949362473142
10552031,0,192.4210968017578,-74.78067016601562,-0.021111220121383667,7.79886332793666
10552032,0,192.42196655273438,-74.5850601196289,-0.02112247422337532,7.850849088309663
10552033,0,192.42298889160156,-74.38666534423828,-0.02118530310690403,7.961153734786955
10552034,0,192.424072265625,-74.18556213378906,-0.021270407363772392,8.068040386276765
10552035,0,192.42529296875,-73.98184967041016,-0.021360205486416817,8.171400939674253
10552036,0,192.4266357421875,-73.77561950683594,-0.021445998921990395,8.271573662294525
10552037,0,192.4280242919922,-73.56694793701172,-0.021523093804717064,8.36877799739637
10552038,0,192.4295196533203,-73.35590362548828,-0.021590040996670723,8.46319721028501
10552039,0,192.43109130859375,-73.14256286621094,-0.02164646051824093,8.555001571639815
10552040,0,192.43270874023438,-72.9269790649414,-0.02169296145439148,8.644352351737759
10552041,0,192.43438720703125,-72.7092056274414,-0.021730652078986168,8.731414261497813
10552042,0,192.43609619140625,-72.48931121826172,-0.021760405972599983,8.816322622924416
10552043,0,192.43785095214844,-72.267333984375,-0.021783294156193733,8.899230013936135
10552044,0,192.43960571289062,-72.04332733154297,-0.02180023118853569,8.980279683769727
10552045,0,192.44137573242188,-71.81732177734375,-0.021812323480844498,9.059592425885775
10552046,0,192.443115234375,-71.58937072753906,-0.021820450201630592,9.13722350180119
10552047,0,192.44483947753906,-71.35952758789062,-0.021824950352311134,9.21290210454912
10552048,0,192.44656372070312,-71.12783813476562,-0.02182590402662754,9.28592744993206
10552049,0,192.4482421875,-70.8943862915039,-0.021823501214385033,9.35557199149675
10552050,0,192.4499053955078,-70.65926361083984,-0.02181720733642578,9.421277543004795
10552051,0,192.4515380859375,-70.42259216308594,-0.021806906908750534,9.482523900411493
10552052,0,192.45315551757812,-70.18447875976562,-0.02179267816245556,9.538764247381202
10552053,0,192.4547882080078,-69.94507598876953,-0.021774252876639366,9.589422323024042
10552054,0,192.4564208984375,-69.70451354980469,-0.02175132744014263,9.63422983648916
10552055,0,192.4580841064453,-69.46294403076172,-0.021724432706832886,9.673094817032945
10552056,0,192.4597625732422,-69.22052764892578,-0.02169361151754856,9.70561662053176
10552057,0,192.46145629882812,-68.97743225097656,-0.021658705547451973,9.731373148522673
10552058,0,192.46319580078125,-68.73381805419922,-0.021620329469442368,9.75042284987067
10552059,0,192.46498107910156,-68.48985290527344,-0.0215787123888731,9.763025052525835
10552060,0,192.46685791015625,-68.24568939208984,-0.021534347906708717,9.769364361660502
10552061,0,192.46881103515625,-68.00148010253906,-0.021487655118107796,9.76937668764483
10552062,0,192.47084045410156,-67.75740051269531,-0.021439246833324432,9.763405581425312
10552063,0,192.4729766845703,-67.51356506347656,-0.021389693021774292,9.751897814223042
10552064,0,192.47525024414062,-67.27012634277344,-0.02133941650390625,9.735397021573611
10552065,0,192.47763061523438,-67.02718353271484,-0.021289443597197533,9.714294911142591
10552066,0,192.4801788330078,-66.78484344482422,-0.021239928901195526,9.688926628112892
10552067,0,192.48287963867188,-66.543212890625,-0.021191291511058807,9.659756851572766
10552068,0,192.4857940673828,-66.30237579345703,-0.02114437147974968,9.62768080173371
10552069,0,192.48887634277344,-66.0623779296875,-0.021099776029586792,9.593343001936724
10552070,0,192.49212646484375,-65.82328796386719,-0.021057700738310814,9.557119058980557
10552071,0,192.49557495117188,-65.58511352539062,-0.021018600091338158,9.519402462988438
10552072,0,192.49917602539062,-65.34791564941406,-0.020982589572668076,9.480381383193077
10552073,0,192.5029296875,-65.1117172241211,-0.02094932459294796,9.44004410258055
10552074,0,192.50680541992188,-64.87654113769531,-0.020919151604175568,9.398879168510518
10552075,0,192.51080322265625,-64.64240264892578,-0.02089187502861023,9.357412142193
10552076,0,192.5148468017578,-64.40929412841797,-0.02086772955954075,9.31622671671643
10552077,0,192.5189208984375,-64.17720031738281,-0.020846938714385033,9.275817148808724
10552078,0,192.52308654785156,-63.946102142333984,-0.0208296962082386,9.236454350271174
10552079,0,192.52728271484375,-63.71595001220703,-0.020815962925553322,9.198428426836431
10552080,0,192.5315399169922,-63.48672866821289,-0.02080535888671875,9.161708019426529
10552081,0,192.53587341308594,-63.25839614868164,-0.02079780586063862,9.126209432841488
10552082,0,192.54019165039062,-63.03093719482422,-0.02079269289970398,9.091867120599172
10552083,0,192.54457092285156,-62.80430603027344,-0.02078990824520588,9.058946832461931
10552084,0,192.5489959716797,-62.57846450805664,-0.0207893755286932,9.027608740771655
10552085,0,192.55343627929688,-62.35337829589844,-0.02079090103507042,8.99794724243134
10552086,0,192.557861328125,-62.12899398803711,-0.020794296637177467,8.970002478984574
10552087,0,192.5623016357422,-61.905277252197266,-0.020799292251467705,8.943714136751092
10552088,0,192.56671142578125,-61.68219757080078,-0.020805664360523224,8.918723332877704
10552089,0,192.5711212158203,-61.45970916748047,-0.020813025534152985,8.895281064239263
10552090,0,192.5755615234375,-61.23776626586914,-0.020821647718548775,8.873951136659834
10552091,0,192.5800018310547,-61.01632308959961,-0.020831527188420296,8.854530690208762
10552092,0,192.58444213867188,-60.79524230957031,-0.020844344049692154,8.84369135890225
10552093,0,192.58889770507812,-60.57424545288086,-0.020863762125372887,8.840153544467922
10552094,0,192.59336853027344,-60.35334014892578,-0.020885352045297623,8.836621060152828
10552095,0,192.59779357910156,-60.13251495361328,-0.020906830206513405,8.833088278212765
10552096,0,192.6022491455078,-59.911781311035156,-0.02092716097831726,8.829560578202313
10552097,0,192.606689453125,-59.69113540649414,-0.020945662632584572,8.826033442219218
10552098,0,192.61114501953125,-59.470584869384766,-0.020962104201316833,8.822510550978292
10552099,0,192.61561584472656,-59.250125885009766,-0.020976638421416283,8.818987086061346
10552100,0,192.6201171875,-59.029754638671875,-0.020989378914237022,8.81545832847446
10552101,0,192.62461853027344,-58.809471130371094,-0.021000366657972336,8.81193074495539
10552102,0,192.6291046142578,-58.589271545410156,-0.0210099034011364,8.808414776476528
10552103,0,192.63352966308594,-58.369163513183594,-0.02101818099617958,8.80489467674036
10552104,0,192.63796997070312,-58.14915084838867,-0.021025236696004868,8.80137510159134
10552105,0,192.642333984375,-57.92921829223633,-0.021031303331255913,8.797850272871374
10552106,0,192.64669799804688,-57.70937728881836,-0.02103656716644764,8.79432371962403
10552107,0,192.6509552001953,-57.4896240234375,-0.021041030064225197,8.790813910901635
10552108,0,192.65516662597656,-57.269954681396484,-0.02104492112994194,8.787309297337341
10552109,0,192.65928649902344,-57.05037307739258,-0.02104824036359787,8.783803610360538
10552110,0,192.66336059570312,-56.83088302612305,-0.02105094864964485,8.78029538693697
10552111,0,192.66734313964844,-56.611473083496094,-0.021053390577435493,8.77679269401743
10552112,0,192.6712646484375,-56.39215087890625,-0.021055450662970543,8.773289626302004
10552113,0,192.6751251220703,-56.17229461669922,-0.021071165800094604,8.802615636593572
10552114,0,192.67893981933594,-55.95174789428711,-0.02109519951045513,8.828780398330613
10552115,0,192.68270874023438,-55.73060607910156,-0.02112049050629139,8.85142856857834
10552116,0,192.68641662597656,-55.508968353271484,-0.0211431123316288,8.870574794704503
10552117,0,192.69007873535156,-55.28691101074219,-0.021161308512091637,8.886659386255701
10552118,0,192.6936492919922,-55.06451416015625,-0.021174544468522072,8.899458379327319
10552119,0,192.69715881347656,-54.84186935424805,-0.021182669326663017,8.908878788082482
10552120,0,192.70062255859375,-54.619056701660156,-0.021185722202062607,8.914700311592789
10552121,0,192.7040252685547,-54.39615249633789,-0.02118450030684471,8.917889349126153
10552122,0,192.7073516845703,-54.17320251464844,-0.021179961040616035,8.919110841380562
10552123,0,192.7106475830078,-53.95026779174805,-0.02117317169904709,8.918391938706108
10552124,0,192.71388244628906,-53.72738265991211,-0.02116413041949272,8.915595339305725
10552125,0,192.7170867919922,-53.504638671875,-0.021153029054403305,8.90899019772594
10552126,0,192.72027587890625,-53.28214645385742,-0.021138953045010567,8.89830989936735
10552127,0,192.72341918945312,-53.05997848510742,-0.021122397854924202,8.884297172112378
10552128,0,192.7265167236328,-52.838279724121094,-0.02110244706273079,8.862588921834698
10552129,0,192.7295684814453,-52.61756134033203,-0.021070899441838264,8.818187745880476
10552130,0,192.7326202392578,-52.39839172363281,-0.021023062989115715,8.750980561901724
10552131,0,192.7356414794922,-52.18134307861328,-0.020957374945282936,8.661064460023084
10552132,0,192.7386016845703,-51.96697998046875,-0.02087394706904888,8.54852994606128
10552133,0,192.74151611328125,-51.755859375,-0.020774345844984055,8.41346310683848
10552134,0,192.74436950683594,-51.548553466796875,-0.020660094916820526,8.255969742467608
10552135,0,192.74710083007812,-51.34547805786133,-0.02053581178188324,8.084411800675758
10552136,0,192.74974060058594,-51.14681625366211,-0.02040981315076351,7.906474776368487
10552137,0,192.75225830078125,-50.952693939208984,-0.020287321880459785,7.723323241499353
10552138,0,192.754638671875,-50.76323318481445,-0.020171165466308594,7.53580322186398
10552139,0,192.7569122314453,-50.578514099121094,-0.020063018426299095,7.344560351224208
10552140,0,192.7591094970703,-50.39863586425781,-0.01996360719203949,7.150182263675483
10552141,0,192.76123046875,-50.22365951538086,-0.019872818142175674,6.952980422227903
10552142,0,192.76324462890625,-50.05365753173828,-0.01979072578251362,6.753549080966522
10552143,0,192.7652130126953,-49.8886604309082,-0.019716568291187286,6.552299782883517
10552144,0,192.7671661376953,-49.72871780395508,-0.01965007744729519,6.349475382975917
10552145,0,192.76907348632812,-49.57386779785156,-0.01959075964987278,6.1454586685540225
10552146,0,192.77105712890625,-49.42413330078125,-0.01953781023621559,5.940308845143266
10552147,0,192.77301025390625,-49.27953338623047,-0.019490890204906464,5.734392525864685
10552148,0,192.77503967285156,-49.14009475708008,-0.0194493867456913,5.527710369456561
10552149,0,192.77706909179688,-49.00582504272461,-0.019412878900766373,5.320667653489222
10552150,0,192.77903747558594,-48.87673568725586,-0.019380759447813034,5.113316097292669
10552151,0,192.78099060058594,-48.752830505371094,-0.019352607429027557,4.905607011234148
10552152,0,192.7829132080078,-48.63408279418945,-0.019551390781998634,4.699340579937593
10552153,0,192.78469848632812,-48.52052688598633,-0.01967216469347477,4.491421287640991
10552154,0,192.786376953125,-48.41217041015625,-0.019738616421818733,4.283324016757582
10552155,0,192.78794860839844,-48.30900955200195,-0.01976829394698143,4.07560188827225
10552156,0,192.78933715820312,-48.21104049682617,-0.01977340690791607,3.8680401393227837
10552157,0,192.79054260253906,-48.11824035644531,-0.0197629164904356,3.660828460748768
10552158,0,192.79161071777344,-48.03061294555664,-0.019743461161851883,3.4540128661284886
10552159,0,192.79254150390625,-47.948143005371094,-0.01971893198788166,3.247487560448393
10552160,0,192.7932891845703,-47.87083435058594,-0.019692610949277878,3.0414042793630354
10552161,0,192.79397583007812,-47.79866409301758,-0.019666176289319992,2.8356361429461567
10552162,0,192.79457092285156,-47.73163604736328,-0.01964111253619194,2.6301646746603926
10552163,0,192.79502868652344,-47.669734954833984,-0.019617918878793716,2.425073659405988
10552164,0,192.79544067382812,-47.61294937133789,-0.019596977159380913,2.220429042660517
10552165,0,192.7957763671875,-47.5612678527832,-0.019578665494918823,2.01625371592855
10552166,0,192.7960662841797,-47.51468276977539,-0.01956283487379551,1.8125704445926483
10552167,0,192.79632568359375,-47.47317886352539,-0.019549446180462837,1.6093939254999585
10552168,0,192.79653930664062,-47.43674850463867,-0.019538383930921555,1.406736963422282
10552169,0,192.79673767089844,-47.40536880493164,-0.01952945627272129,1.2045914440957886
10552170,0,192.79689025878906,-47.37903594970703,-0.01952228508889675,1.0029565881047016
10552171,0,192.79701232910156,-47.35773468017578,-0.019516676664352417,0.8017838178789544
10552172,0,192.79710388183594,-47.34148406982422,-0.01951160468161106,0.5983382306595548
10552173,0,192.7971649169922,-47.33063888549805,-0.019500616937875748,0.3715302369717626
10552174,0,192.79718017578125,-47.325286865234375,-0.01948852464556694,0.1767134372711793
10552175,0,192.79718017578125,-47.32524871826172,-0.019472159445285797,8.65204611406745e-05
10552176,0,192.79718017578125,-47.32518768310547,-0.019558638334274292,0.0006148096864659172
10552177,0,192.79718017578125,-47.325096130371094,-0.01969432830810547,0.0008460450746030316
10552178,0,192.79718017578125,-47.324989318847656,-0.019852180033922195,0.0009441886347202738
10552179,0,192.79718017578125,-47.32487869262695,-0.02001548744738102,0.0009591864675163745
10552180,0,192.79718017578125,-47.32476806640625,-0.020174140110611916,0.0009241972157879323
10552181,0,192.79718017578125,-47.32466506958008,-0.020322607830166817,0.0008611054218949461
10552182,0,192.79718017578125,-47.32457733154297,-0.020458145067095757,0.0007839894604841124
10552183,0,192.79718017578125,-47.324501037597656,-0.020579451695084572,0.0007021959843787582
10552184,0,192.79718017578125,-47.324432373046875,-0.020686835050582886,0.0006213154453598616
10552185,0,192.79718017578125,-47.32436752319336,-0.02078094519674778,0.0005445874599577887
10552186,0,192.79718017578125,-47.324310302734375,-0.020862922072410583,0.0004739822395862851
10552187,0,192.79718017578125,-47.32426071166992,-0.020933646708726883,0.00041020273291910613
10552188,0,192.79718017578125,-47.324222564697266,-0.020994605496525764,0.00035341534937264365
10552189,0,192.79718017578125,-47.32419204711914,-0.021046943962574005,0.00030340946530711514
10552190,0,192.79718017578125,-47.32416534423828,-0.021091803908348083,0.0002596721356131383
10552191,0,192.79718017578125,-47.32414627075195,-0.021129989996552467,0.0002218133357985208
10552192,0,192.79718017578125,-47.32412338256836,-0.0211626049131155,0.0001890709439816968
10552193,0,192.79718017578125,-47.324100494384766,-0.021190298721194267,0.0001609385775228915
10552194,0,192.79718017578125,-47.32408142089844,-0.021213874220848083,0.00013681596652662245
10552195,0,192.79718017578125,-47.324066162109375,-0.021233901381492615,0.00011616748189282488
10552196,0,192.79718017578125,-47.32405090332031,-0.02125091478228569,9.855919905423879e-05
10552197,0,192.79718017578125,-47.32404327392578,-0.021265335381031036,8.359982092841551e-05
10552198,0,192.79718017578125,-47.32404327392578,-0.021265335381031036,0.0
10552199,0,192.79718017578125,-47.324031829833984,-0.021276244893670082,3.0659998133978456e-05
10552200,0,192.79718017578125,-47.32402801513672,-0.021282119676470757,3.729341222553679e-05
10552201,0,192.79718017578125,-47.32402420043945,-0.02128860354423523,3.9448833284964575e-05
10552202,0,192.7971954345703,-47.32401657104492,-0.021295052021741867,3.877876750925024e-05
10552203,0,192.7971954345703,-47.324012756347656,-0.02130119316279888,3.656742326024152e-05
10552204,0,192.7971954345703,-47.32400894165039,-0.021306876093149185,3.354645094339861e-05
10552205,0,192.7971954345703,-47.32400131225586,-0.021311989054083824,3.0162103987207903e-05
10552206,0,192.7971954345703,-47.323997497558594,-0.0213165283203125,2.679567803905005e-05
10552207,0,192.7971954345703,-47.323997497558594,-0.021320533007383347,2.348667744288094e-05
10552208,0,192.7971954345703,-47.32399368286133,-0.021324004977941513,2.044865729999696e-05
10552209,0,192.7971954345703,-47.32398986816406,-0.021327095106244087,1.770088653716344e-05
10552210,0,192.7971954345703,-47.32398986816406,-0.021329687908291817,1.5265438486451667e-05
10552211,0,192.7971954345703,-47.32398986816406,-0.021331939846277237,1.3098513041973605e-05
10552212,0,192.7971954345703,-47.32398223876953,-0.02133384719491005,1.1229592497332398e-05
10552213,0,192.7971954345703,-47.32398223876953,-0.021335525438189507,9.57620820916476e-06
10552214,0,192.7971954345703,-47.32398223876953,-0.02133689820766449,8.157044150757559e-06
10552215,0,192.7971954345703,-47.32398223876953,-0.02133689820766449,0.0
10552216,0,192.7971954345703,-47.32398223876953,-0.021338004618883133,3.0299119116463845e-06
10552217,0,192.7971954345703,-47.32398223876953,-0.021338004618883133,3.672346874032648e-06
10552218,0,192.7971954345703,-47.323978424072266,-0.021339187398552895,3.9184763710525234e-06
10552219,0,192.7971954345703,-47.323978424072266,-0.021339187398552895,3.862105405088876e-06
10552220,0,192.7971954345703,-47.323978424072266,-0.021340446546673775,3.646029828017256e-06
10552221,0,192.7971954345703,-47.323978424072266,-0.021340446546673775,3.3287824069574684e-06
10552222,0,192.7971954345703,-47.323978424072266,-0.021341513842344284,2.9969978259159966e-06
10552223,0,192.7971954345703,-47.323978424072266,-0.021341513842344284,2.6499202302146607e-06
10552224,0,192.7971954345703,-47.323978424072266,-0.021341513842344284,2.310309542563117e-06
10552225,0,192.7971954345703,-47.323978424072266,-0.021342696622014046,2.0227249494990086e-06
10552226,0,192.7971954345703,-47.323978424072266,-0.021342696622014046,1.7623712920070783e-06
10552227,0,192.7971954345703,-47.323978424072266,-0.021342696622014046,1.5218273378295112e-06
10552228,0,192.7971954345703,-47.323978424072266,-0.021342696622014046,1.3221883695021193e-06
10552229,0,192.7971954345703,-47.323978424072266,-0.021342696622014046,1.0783921827536335e-06
10552230,0,192.7971954345703,-47.323978424072266,-0.021343879401683807,9.231708490637193e-07
10552231,0,192.7971954345703,-47.323978424072266,-0.021343879401683807,8.468931253338455e-07
10552232,0,192.7971954345703,-47.323978424072266,-0.021343879401683807,0.0
10552233,0,192.7971954345703,-47.323978424072266,-0.021343879401683807,2.837044941446362e-07
10552234,0,192.7971954345703,-47.323978424072266,-0.021343879401683807,3.4605726002805604e-07
10552235,0,192.7971954345703,-47.323978424072266,-0.021343879401683807,3.788693329522988e-07
10552236,0,192.7971954345703,-47.323978424072266,-0.021343879401683807,3.6829563082752833e-07
10552237,0,192.7971954345703,-47.323978424072266,-0.021343879401683807,3.791968565353081e-07
10552238,0,192.7971954345703,-47.323978424072266,-0.021343879401683807,3.4544689742766506e-07
10552239,0,192.7971954345703,-47.323978424072266,-0.021343879401683807,2.847847893531637e-07
10552240,0,192.7971954345703,-47.323978424072266,-0.021343879401683807,2.7750196935095046e-07
10552241,0,192.7971954345703,-47.323978424072266,-0.021343879401683807,2.3329309326613057e-07
10552242,0,192.7971954345703,-47.32417297363281,-0.021338921040296555,0.015457978685024453
10552243,0,192.7971954345703,-47.32392883300781,-0.02134418487548828,0.012236808847790007
10552244,0,192.79718017578125,-47.32356643676758,-0.02134910598397255,0.007180213982204013
10552245,0,192.79718017578125,-47.32304763793945,-0.02135459892451763,0.00026170262098752344
10552246,0,192.79718017578125,-47.32229232788086,-0.021361427381634712,0.010769005674874555
10552247,0,192.79718017578125,-47.321205139160156,-0.021370429545640945,0.027306892314311437
10552248,0,192.79718017578125,-47.31936264038086,-0.021389465779066086,0.07003165298731498
10552249,0,192.79718017578125,-47.31667709350586,-0.021412773057818413,0.11359310570573534
10552250,0,192.79718017578125,-47.31280517578125,-0.021445464342832565,0.16931395260411472
10552251,0,192.7971954345703,-47.30736541748047,-0.021489905193448067,0.24345838092511374
10552252,0,192.79710388183594,-47.30079650878906,-0.02152789942920208,0.2731971364881265
10552253,0,192.79718017578125,-47.29352569580078,-0.02155250497162342,0.2902687114248031
10552254,0,192.7972412109375,-47.28626251220703,-0.02155681513249874,0.29018450423465936
10552255,0,192.79730224609375,-47.27901840209961,-0.021549301221966743,0.29008624134177274
10552256,0,192.79736328125,-47.27178192138672,-0.021535072475671768,0.2899884587271348
10552257,0,192.79742431640625,-47.264549255371094,-0.02151775360107422,0.2898868537229319
10552258,0,192.79750061035156,-47.25731658935547,-0.021499212831258774,0.2897848293664013
10552259,0,192.79751586914062,-47.25008773803711,-0.02148105576634407,0.28968221584904164
10552260,0,192.7975616455078,-47.24285888671875,-0.021463889628648758,0.2895784427277843
10552261,0,192.79757690429688,-47.23563766479492,-0.021448248997330666,0.2894736489495064
10552262,0,192.797607421875,-47.22841262817383,-0.02143421210348606,0.2893693835383752
10552263,0,192.7976531982422,-47.22118377685547,-0.021421661600470543,0.2892649141568562
10552264,0,192.7976837158203,-47.21397018432617,-0.021410712972283363,0.28916034595660306
10552265,0,192.7977294921875,-47.20675277709961,-0.021401137113571167,0.289055726318396
10552266,0,192.7977752685547,-47.19953155517578,-0.021392783150076866,0.2889512746203531
10552267,0,192.7978057861328,-47.19231414794922,-0.021385574713349342,0.28884691889289116
10552268,0,192.79782104492188,-47.18510055541992,-0.02137943170964718,0.2887426703040546
10552269,0,192.79786682128906,-47.17789077758789,-0.02137424424290657,0.2886384187332789
10552270,0,192.79791259765625,-47.170677185058594,-0.02136966586112976,0.2885345141731872
10552271,0,192.79794311523438,-47.163475036621094,-0.02136589027941227,0.28843040504492595
10552272,0,192.79798889160156,-47.15626907348633,-0.021362533792853355,0.2883261613224792
10552273,0,192.7980194091797,-47.14889907836914,-0.021363716572523117,0.3011315754022967
10552274,0,192.79808044433594,-47.14037322998047,-0.021384963765740395,0.345899532433396
10552275,0,192.79815673828125,-47.131072998046875,-0.021407470107078552,0.3782574253383518
10552276,0,192.79827880859375,-47.12028884887695,-0.02144649438560009,0.4463474253187301
10552277,0,192.7982940673828,-47.10722732543945,-0.021506575867533684,0.5428344746040135
10552278,0,192.7984161376953,-47.09180450439453,-0.021575506776571274,0.6353049231928501
10552279,0,192.7985382080078,-47.074066162109375,-0.02164691872894764,0.7301410178452895
10552280,0,192.79864501953125,-47.05400466918945,-0.021716270595788956,0.8243539363177004
10552281,0,192.79879760742188,-47.031551361083984,-0.02178218774497509,0.9198855298858476
10552282,0,192.79896545410156,-47.00669479370117,-0.021843604743480682,1.0166138728284133
10552283,0,192.7991485595703,-46.97947692871094,-0.021898269653320312,1.110057931417989
10552284,0,192.79934692382812,-46.94997787475586,-0.021945076063275337,1.2008080571218087
10552285,0,192.799560546875,-46.91826248168945,-0.021984100341796875,1.2895560353218243
10552286,0,192.7998046875,-46.88435745239258,-0.022016296163201332,1.3768094669925621
10552287,0,192.80003356933594,-46.848304748535156,-0.022042235359549522,1.462935968945814
10552288,0,192.80030822753906,-46.810115814208984,-0.022062987089157104,1.5482147597571516
10552289,0,192.8006134033203,-46.769813537597656,-0.022079505026340485,1.6328495425964005
10552290,0,192.80091857910156,-46.7274055480957,-0.022092361003160477,1.7169980301461572
10552291,0,192.8012237548828,-46.682899475097656,-0.022102469578385353,1.8007790509006065
10552292,0,192.80157470703125,-46.63630676269531,-0.022110290825366974,1.884283880654565
10552293,0,192.8019256591797,-46.5876350402832,-0.022116240113973618,1.9675841420068994
10552294,0,192.80230712890625,-46.53688430786133,-0.022121047601103783,2.0507351331509933
10552295,0,192.8026580810547,-46.48405838012695,-0.022124556824564934,2.13378043944184
10552296,0,192.8030548095703,-46.42915344238281,-0.022127380594611168,2.2167552455484407
10552297,0,192.803466796875,-46.37217712402344,-0.02212955430150032,2.299688188474703
10552298,0,192.8038787841797,-46.313133239746094,-0.022131308913230896,2.38260023772819
10552299,0,192.80430603027344,-46.25201416015625,-0.022132644429802895,2.4655086350520037
10552300,0,192.8047637939453,-46.18882369995117,-0.022133750841021538,2.5484289546214693
10552301,0,192.80523681640625,-46.123558044433594,-0.02213466539978981,2.6313729669242103
10552302,0,192.80567932128906,-46.05622100830078,-0.02213538996875286,2.7143488362758683
10552303,0,192.80616760253906,-45.98680114746094,-0.022136153653264046,2.7973657353608026
10552304,0,192.80667114257812,-45.91530990600586,-0.022136764600872993,2.880429763440502
10552305,0,192.8072052001953,-45.84174728393555,-0.022137489169836044,2.963542093846864
10552306,0,192.80775451660156,-45.7661018371582,-0.022138061001896858,3.046648739478797
10552307,0,192.80831909179688,-45.688377380371094,-0.022138632833957672,3.129685494253334
10552308,0,192.8088836669922,-45.60858154296875,-0.022139091044664383,3.212591707637839
10552309,0,192.8094940185547,-45.52671432495117,-0.02213932015001774,3.2953194875332765
10552310,0,192.81011962890625,-45.442787170410156,-0.022139472886919975,3.377826670442859
10552311,0,192.81077575683594,-45.3568000793457,-0.02213932015001774,3.4600790666676375
10552312,0,192.8114471435547,-45.26876449584961,-0.022138938307762146,3.5420506363521946
10552313,0,192.81211853027344,-45.17868423461914,-0.022138366475701332,3.6237159105028662
10552314,0,192.8128662109375,-45.08656692504883,-0.022137565538287163,3.705056145900308
10552315,0,192.81361389160156,-44.992431640625,-0.02213645912706852,3.7860527432383133
10552316,0,192.8143768310547,-44.89627456665039,-0.022135086357593536,3.8666984888130065
10552317,0,192.81517028808594,-44.79810333251953,-0.022133521735668182,3.946977904340522
10552318,0,192.8159942626953,-44.69793701171875,-0.022131651639938354,4.026881994270052
10552319,0,192.81683349609375,-44.59577941894531,-0.02212963066995144,4.106402808250813
10552320,0,192.81773376464844,-44.49164581298828,-0.022127533331513405,4.185527128851968
10552321,0,192.81863403320312,-44.38554000854492,-0.022125091403722763,4.264262795137917
10552322,0,192.81956481933594,-44.277469635009766,-0.022122535854578018,4.342596348444474
10552323,0,192.82052612304688,-44.167449951171875,-0.02211986482143402,4.420525143484038
10552324,0,192.82151794433594,-44.05549240112305,-0.022117117419838905,4.498047417496413
10552325,0,192.82257080078125,-43.94160079956055,-0.022114066407084465,4.575165544347476
10552326,0,192.8236541748047,-43.8257942199707,-0.02211105264723301,4.651872051489192
10552327,0,192.82473754882812,-43.70806884765625,-0.022107886150479317,4.728170566808408
10552328,0,192.82583618164062,-43.58845138549805,-0.022104719653725624,4.80405645914568
10552329,0,192.8269500732422,-43.466941833496094,-0.02210155501961708,4.879532393431964
10552330,0,192.82806396484375,-43.34355545043945,-0.0220981203019619,4.954593998213895
10552331,0,192.8291778564453,-43.218299865722656,-0.022094611078500748,5.0292446355506994
10552332,0,192.83030700683594,-43.09117889404297,-0.021836623549461365,5.103820220972581
10552333,0,192.83143615722656,-42.962196350097656,-0.02168479934334755,5.178266655773471
10552334,0,192.83251953125,-42.83305740356445,-0.02156505547463894,5.171454864445648
10552335,0,192.83358764648438,-42.70396041870117,-0.021468620747327805,5.167596591696152
10552336,0,192.83462524414062,-42.574920654296875,-0.02139209769666195,5.164743243245774
10552337,0,192.83567810058594,-42.4459228515625,-0.02133197709918022,5.162327710817342
10552338,0,192.8367156982422,-42.31696701049805,-0.021284712478518486,5.160121749305809
10552339,0,192.8377227783203,-42.18806076049805,-0.021247558295726776,5.158024637091352
10552340,0,192.8387451171875,-42.05919647216797,-0.021218108013272285,5.155981442721916
10552341,0,192.83973693847656,-41.930381774902344,-0.021194687113165855,5.153972657374218
10552342,0,192.8407440185547,-41.80160140991211,-0.021175803616642952,5.151981826534782
10552343,0,192.84169006347656,-41.67287063598633,-0.021160392090678215,5.150001995070922
10552344,0,192.84266662597656,-41.54418182373047,-0.02114768885076046,5.14802584106369
10552345,0,192.8435821533203,-41.41554641723633,-0.021137084811925888,5.146051822971241
10552346,0,192.8445281982422,-41.28695297241211,-0.02112830989062786,5.144083558018715
10552347,0,192.84542846679688,-41.158409118652344,-0.021120719611644745,5.1421177094825055
10552348,0,192.84629821777344,-41.0299072265625,-0.021114425733685493,5.140154694988294
10552349,0,192.84716796875,-40.90145492553711,-0.02110881730914116,5.13819122150871
10552350,0,192.84800720214844,-40.77305221557617,-0.02110408805310726,5.136228957559043
10552351,0,192.84884643554688,-40.644691467285156,-0.02109992876648903,5.134267524366985
10552352,0,192.8496856689453,-40.516380310058594,-0.021096305921673775,5.132306359359285
10552353,0,192.8505096435547,-40.388118743896484,-0.021093253046274185,5.13034680684344
10552354,0,192.851318359375,-40.25914001464844,-0.02110919915139675,5.18847723627244
10552355,0,192.85218811035156,-40.12725830078125,-0.021177329123020172,5.301194006006839
10552356,0,192.85304260253906,-39.99262237548828,-0.021266020834445953,5.409665836932131
10552357,0,192.85394287109375,-39.8553352355957,-0.021358566358685493,5.514585453565618
10552358,0,192.85487365722656,-39.71549606323242,-0.02144622802734375,5.616254085872132
10552359,0,192.8558349609375,-39.57317352294922,-0.0215245820581913,5.714944976427355
10552360,0,192.8568572998047,-39.42844772338867,-0.021592559292912483,5.81090745378278
10552361,0,192.85787963867188,-39.28137969970703,-0.02164996974170208,5.904380516252068
10552362,0,192.85897827148438,-39.132022857666016,-0.021697310730814934,5.995582204015418
10552363,0,192.860107421875,-38.98043441772461,-0.02173568680882454,6.084708154657903
10552364,0,192.86129760742188,-38.82666015625,-0.021766357123851776,6.1719523817852195
10552365,0,192.86251831054688,-38.67074203491211,-0.0217901598662138,6.2574708360282445
10552366,0,192.86378479003906,-38.512718200683594,-0.021808700636029243,6.341416186148323
10552367,0,192.8650665283203,-38.35262680053711,-0.021822089329361916,6.4239302355039
10552368,0,192.86642456054688,-38.19050216674805,-0.02183174155652523,6.505123767354341
10552369,0,192.86782836914062,-38.02637481689453,-0.021838149055838585,6.585112952854794
10552370,0,192.86924743652344,-37.86027145385742,-0.02184204012155533,6.664015777833842
10552371,0,192.87075805664062,-37.69221496582031,-0.02184375748038292,6.7419023207023985
10552372,0,192.872314453125,-37.5222282409668,-0.02184375748038292,6.818859908874539
10552373,0,192.8739013671875,-37.350337982177734,-0.021842384710907936,6.894954594575554
10552374,0,192.87554931640625,-37.17655944824219,-0.021840019151568413,6.970252768930298
10552375,0,192.8772430419922,-37.00091552734375,-0.02183685265481472,7.044788052507552
10552376,0,192.87893676757812,-36.823421478271484,-0.02183307521045208,7.118660671097919
10552377,0,192.88072204589844,-36.64409255981445,-0.02182895690202713,7.191888428721889
10552378,0,192.8825225830078,-36.462947845458984,-0.021824339404702187,7.2645056989507975
10552379,0,192.88436889648438,-36.27999496459961,-0.02181953378021717,7.336567255902003
10552380,0,192.88626098632812,-36.095252990722656,-0.021814802661538124,7.408078266829748
10552381,0,192.88819885253906,-35.90873336791992,-0.02180992066860199,7.479094651893524
10552382,0,192.89019775390625,-35.7204475402832,-0.021804923191666603,7.549621964035383
10552383,0,192.89218139648438,-35.5304069519043,-0.021800117567181587,7.619693793972022
10552384,0,192.89418029785156,-35.338619232177734,-0.021795310080051422,7.689371092418628
10552385,0,192.89613342285156,-35.145103454589844,-0.02179054170846939,7.758381551459942
10552386,0,192.89808654785156,-34.949886322021484,-0.0217854306101799,7.826129120318909
10552387,0,192.89999389648438,-34.752994537353516,-0.021779784932732582,7.892940371981602
10552388,0,192.90187072753906,-34.55447006225586,-0.02177337557077408,7.957529817825469
10552389,0,192.90370178222656,-34.35438919067383,-0.02176540344953537,8.019051003632859
10552390,0,192.905517578125,-34.152835845947266,-0.02175498940050602,8.076891466366682
10552391,0,192.90733337402344,-33.949951171875,-0.021741066128015518,8.128721207782617
10552392,0,192.90914916992188,-33.74589157104492,-0.021722640842199326,8.174263819209564
10552393,0,192.91094970703125,-33.54081726074219,-0.021699560806155205,8.213637689845944
10552394,0,192.91273498535156,-33.33487319946289,-0.02167232520878315,8.246948275282227
10552395,0,192.91455078125,-33.12820816040039,-0.021641043946146965,8.27429654837821
10552396,0,192.9163360595703,-32.92097473144531,-0.021606292575597763,8.295760044582838
10552397,0,192.9181671142578,-32.713314056396484,-0.02156875655055046,8.311455080295634
10552398,0,192.9199981689453,-32.50537109375,-0.02152854949235916,8.321465319854154
10552399,0,192.92184448242188,-32.297279357910156,-0.02148670144379139,8.326432202850004
10552400,0,192.9237823486328,-32.08913040161133,-0.021444205194711685,8.327737598113664
10552401,0,192.92575073242188,-31.88102912902832,-0.021401481702923775,8.324666984144612
10552402,0,192.92784118652344,-31.673105239868164,-0.021358337253332138,8.316301350077802
10552403,0,192.9300079345703,-31.46552848815918,-0.02131393365561962,8.299584916002662
10552404,0,192.9322967529297,-31.258764266967773,-0.021260946989059448,8.262073628656953
10552405,0,192.93466186523438,-31.053340911865234,-0.021195372566580772,8.203588470404549
10552406,0,192.93714904785156,-30.849777221679688,-0.02111637033522129,8.124788830454351
10552407,0,192.9397430419922,-30.6485652923584,-0.021023940294981003,8.02615377308722
10552408,0,192.94241333007812,-30.450199127197266,-0.020919684320688248,7.908068616757492
10552409,0,192.9451904296875,-30.255155563354492,-0.020804863423109055,7.770844294578032
10552410,0,192.94802856445312,-30.063749313354492,-0.020684774965047836,7.62507555462638
10552411,0,192.9509735107422,-29.875755310058594,-0.02057369239628315,7.491762048886346
10552412,0,192.9540252685547,-29.69078254699707,-0.02048194780945778,7.374587310851355
10552413,0,192.95712280273438,-29.508371353149414,-0.020415114238858223,7.2765743926923045
10552414,0,192.96034240722656,-29.328041076660156,-0.020375175401568413,7.195397785184161
10552415,0,192.963623046875,-29.149675369262695,-0.0203537754714489,7.117121467511729
10552416,0,192.9669952392578,-28.97321319580078,-0.020344428718090057,7.041346384230652
10552417,0,192.97036743164062,-28.79863929748535,-0.02034221589565277,6.964189097672038
10552418,0,192.97377014160156,-28.626115798950195,-0.02034069038927555,6.883530340445676
10552419,0,192.9771270751953,-28.455419540405273,-0.020344238728284836,6.81111385884129
10552420,0,192.98040771484375,-28.286500930786133,-0.020351028069853783,6.740177372291482
10552421,0,192.9835968017578,-28.119327545166016,-0.020359916612505913,6.670500191414468
10552422,0,192.98663330078125,-27.95387077331543,-0.020369911566376686,6.601858295318101
10552423,0,192.98960876464844,-27.790117263793945,-0.0203801728785038,6.5340403571005305
10552424,0,192.99246215820312,-27.628042221069336,-0.020390624180436134,6.466910209953867
10552425,0,192.99522399902344,-27.46767807006836,-0.0203996654599905,6.396881239204736
10552426,0,192.9979248046875,-27.30931854248047,-0.020401230081915855,6.313573284207076
10552427,0,193.00051879882812,-27.15331268310547,-0.020391348749399185,6.216201016537212
10552428,0,193.00308227539062,-27.000028610229492,-0.020368307828903198,6.103925749762711
10552429,0,193.0055389404297,-26.84994888305664,-0.020329512655735016,5.969856661466601
10552430,0,193.00791931152344,-26.70380401611328,-0.020269012078642845,5.805514812222982
10552431,0,193.01025390625,-26.562347412109375,-0.020185088738799095,5.61128872352082
10552432,0,193.01251220703125,-26.426044464111328,-0.020084494724869728,5.40416655658442
10552433,0,193.01470947265625,-26.294939041137695,-0.01998004876077175,5.196438534372706
10552434,0,193.01687622070312,-26.169025421142578,-0.019879531115293503,4.9886354584791786
10552435,0,193.01898193359375,-26.04824447631836,-0.020020026713609695,4.782273290916724
10552436,0,193.02105712890625,-25.932369232177734,-0.0200902558863163,4.593638742053794
10552437,0,193.02308654785156,-25.820226669311523,-0.02013443037867546,4.457106058359492
10552438,0,193.02511596679688,-25.710426330566406,-0.02018360048532486,4.375697037151772
10552439,0,193.0271759033203,-25.601619720458984,-0.02025550790131092,4.347615251428496
10552440,0,193.0292510986328,-25.4929141998291,-0.02035037986934185,4.345697481466401
10552441,0,193.03138732910156,-25.384233474731445,-0.020454443991184235,4.344027374403298
10552442,0,193.03355407714844,-25.275598526000977,-0.020558089017868042,4.342042757109887
10552443,0,193.03578186035156,-25.16700553894043,-0.020656241104006767,4.340357363528796
10552444,0,193.0380859375,-25.058462142944336,-0.020746344700455666,4.338793915439065
10552445,0,193.04049682617188,-24.949968338012695,-0.020827369764447212,4.337144079090854
10552446,0,193.04299926757812,-24.84152603149414,-0.020899008959531784,4.335538190471879
10552447,0,193.0455780029297,-24.73313331604004,-0.020961569622159004,4.3339543558527724
10552448,0,193.0482635498047,-24.624792098999023,-0.021016081795096397,4.332343566171923
10552449,0,193.05093383789062,-24.518321990966797,-0.021026266738772392,4.227287052978337
10552450,0,193.05352783203125,-24.415014266967773,-0.020992087200284004,4.10373512439308
10552451,0,193.0561065673828,-24.31477928161621,-0.02093479037284851,3.981405083296497
10552452,0,193.05860900878906,-24.217506408691406,-0.020869063213467598,3.865852323509533
10552453,0,193.06106567382812,-24.122955322265625,-0.020805243402719498,3.758583623724314
10552454,0,193.0634765625,-24.030956268310547,-0.020748939365148544,3.6578768687164445
10552455,0,193.0657958984375,-23.941373825073242,-0.02070194110274315,3.5623359501163225
10552456,0,193.0680694580078,-23.854047775268555,-0.020665474236011505,3.4733247707005988
10552457,0,193.0702667236328,-23.768836975097656,-0.020639456808567047,3.3896090167117943
10552458,0,193.0724334716797,-23.685626983642578,-0.020622825250029564,3.310600253374021
10552459,0,193.07452392578125,-23.604248046875,-0.020615538582205772,3.2389904184545557
10552460,0,193.07655334472656,-23.52446746826172,-0.020618515089154243,3.1775587908668945
10552461,0,193.0785369873047,-23.445974349975586,-0.020632514730095863,3.128917383365445
10552462,0,193.08045959472656,-23.3684024810791,-0.020659254863858223,3.095523681659029
10552463,0,193.0823516845703,-23.291332244873047,-0.020699461922049522,3.079546099882238
10552464,0,193.084228515625,-23.21432876586914,-0.020753249526023865,3.0805466853261616
10552465,0,193.08607482910156,-23.13702392578125,-0.020819053053855896,3.095472643027514
10552466,0,193.08790588378906,-23.059125900268555,-0.02089359238743782,3.1215305903199164
10552467,0,193.0896759033203,-22.980398178100586,-0.020974159240722656,3.1566808532917467
10552468,0,193.09144592285156,-22.900644302368164,-0.02105766162276268,3.1991428087361067
10552469,0,193.0932159423828,-22.819719314575195,-0.021141700446605682,3.2476241940790715
10552470,0,193.094970703125,-22.73748207092285,-0.021224480122327805,3.3011084856341864
10552471,0,193.09671020507812,-22.65383529663086,-0.021304473280906677,3.3587854110815334
10552472,0,193.09844970703125,-22.568681716918945,-0.021380538120865822,3.419877039036469
10552473,0,193.1001739501953,-22.481952667236328,-0.021452102810144424,3.4837110588563354
10552474,0,193.10186767578125,-22.393585205078125,-0.021518783643841743,3.5498152244503745
10552475,0,193.10354614257812,-22.30353546142578,-0.02158031426370144,3.6177973591392654
10552476,0,193.105224609375,-22.211759567260742,-0.021636581048369408,3.687280958760363
10552477,0,193.10687255859375,-22.118227005004883,-0.021687621250748634,3.757953576678333
10552478,0,193.10848999023438,-22.02291488647461,-0.02173389308154583,3.829633150360695
10552479,0,193.1100616455078,-21.925798416137695,-0.021775398403406143,3.9021016608637917
10552480,0,193.111572265625,-21.82685661315918,-0.021812399849295616,3.975204825358894
10552481,0,193.11306762695312,-21.726083755493164,-0.02184554934501648,4.048756838168404
10552482,0,193.11447143554688,-21.623464584350586,-0.021874770522117615,4.12271696565527
10552483,0,193.11581420898438,-21.518993377685547,-0.0219004824757576,4.196939199320659
10552484,0,193.1171112060547,-21.412662506103516,-0.02192329429090023,4.271328379405587
10552485,0,193.11830139160156,-21.30447769165039,-0.021943168714642525,4.3457640818654735
10552486,0,193.11941528320312,-21.19443130493164,-0.02196025848388672,4.420127224546343
10552487,0,193.1204376220703,-21.082523345947266,-0.021975135430693626,4.494619496553293
10552488,0,193.1213836669922,-20.96875762939453,-0.02198799140751362,4.569028736487888
10552489,0,193.12220764160156,-20.853132247924805,-0.0219990536570549,4.643356681777193
10552490,0,193.12290954589844,-20.73565101623535,-0.022008514031767845,4.717552967948482
10552491,0,193.12350463867188,-20.616317749023438,-0.022016333416104317,4.791567407554727
10552492,0,193.12399291992188,-20.495141983032227,-0.022023048251867294,4.86536330868266
10552493,0,193.12437438964844,-20.37212371826172,-0.02202838845551014,4.938923000580258
10552494,0,193.12466430664062,-20.24727439880371,-0.022032814100384712,5.012219280255691
10552495,0,193.1248321533203,-20.120588302612305,-0.021782951429486275,5.085538482692472
10552496,0,193.12489318847656,-19.992080688476562,-0.02163742110133171,5.1583803173679
10552497,0,193.1248321533203,-19.861759185791016,-0.02155975252389908,5.23091685022794
10552498,0,193.12466430664062,-19.729631423950195,-0.021525267511606216,5.303166299140897
10552499,0,193.1243896484375,-19.595703125,-0.02151740901172161,5.3751183263073665
10552500,0,193.1239776611328,-19.45998191833496,-0.021525459364056587,5.446749956371377
10552501,0,193.1234588623047,-19.322477340698242,-0.021541938185691833,5.518035894331959
10552502,0,193.122802734375,-19.183197021484375,-0.021562689915299416,5.588993026420859
10552503,0,193.12203979492188,-19.042150497436523,-0.02158454805612564,5.659597929826574
10552504,0,193.12118530273438,-18.89934730529785,-0.02160591073334217,5.729849019104786
10552505,0,193.12020874023438,-18.754793167114258,-0.02162574790418148,5.7997465811396856
10552506,0,193.11917114257812,-18.608501434326172,-0.021643446758389473,5.869272286328646
10552507,0,193.1180419921875,-18.460477828979492,-0.02165905013680458,5.938417482971224
10552508,0,193.11683654785156,-18.310733795166016,-0.021672362461686134,6.007200991404171
10552509,0,193.11558532714844,-18.159793853759766,-0.0216708742082119,6.034647324384248
10552510,0,193.11434936523438,-18.00895881652832,-0.02163616195321083,6.033851755170893
10552511,0,193.11309814453125,-17.858200073242188,-0.021586265414953232,6.031811613176816
10552512,0,193.11187744140625,-17.707502365112305,-0.021531371399760246,6.0294652876835935
10552513,0,193.11070251464844,-17.55686378479004,-0.02147708833217621,6.027123020383905
10552514,0,193.109619140625,-17.406278610229492,-0.021425971761345863,6.024797541185604
10552515,0,193.10862731933594,-17.255748748779297,-0.021379584446549416,6.022495404709688
10552516,0,193.1077117919922,-17.105268478393555,-0.021338118240237236,6.020176210231334
10552517,0,193.1068878173828,-16.95484161376953,-0.021301498636603355,6.01779410555258
10552518,0,193.1061248779297,-16.804471969604492,-0.02126968279480934,6.015439400392176
10552519,0,193.1054229736328,-16.654155731201172,-0.021241912618279457,6.013039042343869
10552520,0,193.10484313964844,-16.503896713256836,-0.02121795527637005,6.010695811803627
10552521,0,193.1043701171875,-16.35369300842285,-0.021197166293859482,6.008280488931554
10552522,0,193.10403442382812,-16.203548431396484,-0.02117912285029888,6.005891037823397
10552523,0,193.1038055419922,-16.05345916748047,-0.02116386406123638,6.003569714076295
10552524,0,193.10374450683594,-15.903425216674805,-0.02115054987370968,6.001240591197074
10552525,0,193.1038818359375,-15.753445625305176,-0.021139182150363922,5.998953075685656
10552526,0,193.10414123535156,-15.603524208068848,-0.021129492670297623,5.996631196655546
10552527,0,193.10455322265625,-15.453659057617188,-0.021121138706803322,5.994309235603787
10552528,0,193.10513305664062,-15.303851127624512,-0.02111392840743065,5.992019624189153
10552529,0,193.10585021972656,-15.154101371765137,-0.021107863634824753,5.989645937926079
10552530,0,193.10671997070312,-15.002211570739746,-0.02115100808441639,6.102454958541474
10552531,0,193.10772705078125,-14.847532272338867,-0.021228866651654243,6.2118786528119
10552532,0,193.10891723632812,-14.690180778503418,-0.021318359300494194,6.317604557594059
10552533,0,193.11032104492188,-14.530248641967773,-0.02140708826482296,6.419984092091083
10552534,0,193.11190795898438,-14.36782455444336,-0.021488875150680542,6.519334294039062
10552535,0,193.11370849609375,-14.202978134155273,-0.021560782566666603,6.615849077107121
10552536,0,193.1156768798828,-14.03577995300293,-0.0216223131865263,6.7097361295739555
10552537,0,193.1178436279297,-13.866291046142578,-0.021673697978258133,6.801196931147874
10552538,0,193.12017822265625,-13.69456672668457,-0.021715736016631126,6.890445410424656
10552539,0,193.12269592285156,-13.520657539367676,-0.021749457344412804,6.9776305542557235
10552540,0,193.12535095214844,-13.344614028930664,-0.021775970235466957,7.062926338849256
10552541,0,193.12815856933594,-13.166475296020508,-0.02179618738591671,7.146519208383238
10552542,0,193.13116455078125,-12.986286163330078,-0.02181152254343033,7.228535076890773
10552543,0,193.13436889648438,-12.804078102111816,-0.02182231843471527,7.30908496114059
10552544,0,193.13775634765625,-12.619890213012695,-0.021829795092344284,7.388270160557665
10552545,0,193.14126586914062,-12.433748245239258,-0.021834105253219604,7.466226728756912
10552546,0,193.1449737548828,-12.245685577392578,-0.021836165338754654,7.543032509429396
10552547,0,193.1488494873047,-12.055727005004883,-0.021836165338754654,7.61877773266822
10552548,0,193.15283203125,-11.863898277282715,-0.021834716200828552,7.693514255193823
10552549,0,193.15695190429688,-11.670223236083984,-0.02183200791478157,7.767233625799994
10552550,0,193.16119384765625,-11.474732398986816,-0.021828193217515945,7.839559276636725
10552551,0,193.1654815673828,-11.277462005615234,-0.021823234856128693,7.91064361464513
10552552,0,193.1698455810547,-11.078426361083984,-0.021817663684487343,7.981081410667965
10552553,0,193.17425537109375,-10.877641677856445,-0.021811675280332565,8.050936849563948
10552554,0,193.17864990234375,-10.675119400024414,-0.02180553413927555,8.120225440582226
10552555,0,193.18307495117188,-10.470876693725586,-0.021799392998218536,8.189014579654401
10552556,0,193.18746948242188,-10.264921188354492,-0.021793441846966743,8.257311157029019
10552557,0,193.1918487548828,-10.057266235351562,-0.021787451580166817,8.325149689751328
10552558,0,193.19618225097656,-9.847926139831543,-0.021781768649816513,8.392283136771233
10552559,0,193.20046997070312,-9.636932373046875,-0.0217757411301136,8.458129718082894
10552560,0,193.20472717285156,-9.424304008483887,-0.02176944725215435,8.523270375462564
10552561,0,193.2089385986328,-9.210071563720703,-0.021762656047940254,8.58688662065653
10552562,0,193.21311950683594,-8.994306564331055,-0.021754683926701546,8.647380777114597
10552563,0,193.21725463867188,-8.777101516723633,-0.0217443834990263,8.7040630102075
10552564,0,193.2213592529297,-8.558545112609863,-0.02173156663775444,8.757249458853927
10552565,0,193.2253875732422,-8.338740348815918,-0.02171584963798523,8.805985100775475
10552566,0,193.22935485839844,-8.117823600769043,-0.02169681526720524,8.84908587756009
10552567,0,193.2332000732422,-7.895939826965332,-0.021673887968063354,8.886373814159644
10552568,0,193.23695373535156,-7.673227310180664,-0.021647300571203232,8.91835625586443
10552569,0,193.2406005859375,-7.449786186218262,-0.02161819487810135,8.946639796655214
10552570,0,193.24417114257812,-7.225699424743652,-0.02158767729997635,8.971653183981603
10552571,0,193.24769592285156,-7.001044750213623,-0.02155635878443718,8.993384668066236
10552572,0,193.25111389160156,-6.775942325592041,-0.021523894742131233,9.010063573160505
10552573,0,193.25445556640625,-6.550502300262451,-0.021490326151251793,9.022636524441225
10552574,0,193.25770568847656,-6.324799060821533,-0.02145637385547161,9.032401495031124
10552575,0,193.2609405517578,-6.098912239074707,-0.021422691643238068,9.03880570282426
10552576,0,193.26405334472656,-5.872934818267822,-0.02138877846300602,9.041584473903791
10552577,0,193.26715087890625,-5.646946907043457,-0.021355094388127327,9.040956337286511
10552578,0,193.2702178955078,-5.421079158782959,-0.021320495754480362,9.034789573736422
10552579,0,193.27322387695312,-5.195455074310303,-0.021284980699419975,9.023926588198638
10552580,0,193.27618408203125,-4.970174312591553,-0.021248817443847656,9.009291587398202
10552581,0,193.27911376953125,-4.745324611663818,-0.021212348714470863,8.99125228593836
10552582,0,193.28201293945312,-4.520979404449463,-0.02117633819580078,8.970180825865626
10552583,0,193.28482055664062,-4.297239303588867,-0.021140404045581818,8.944798210236842
10552584,0,193.28756713867188,-4.0742268562316895,-0.021104048937559128,8.91444361803144
10552585,0,193.2902374267578,-3.8520612716674805,-0.021066702902317047,8.879413790955134
10552586,0,193.29275512695312,-3.630847692489624,-0.021029014140367508,8.840300371422101
10552587,0,193.2951202392578,-3.410679578781128,-0.020991172641515732,8.797551545688487
10552588,0,193.29733276367188,-3.1916346549987793,-0.020953940227627754,8.751886980176776
10552589,0,193.29940795898438,-2.9737603664398193,-0.020917968824505806,8.704719241626686
10552590,0,193.30136108398438,-2.7570419311523438,-0.020884932950139046,8.65883974695293
10552591,0,193.3031768798828,-2.5414023399353027,-0.0208573155105114,8.616441090556304
10552592,0,193.30490112304688,-2.32606840133667,-0.020850639790296555,8.61297490847276
10552593,0,193.3065185546875,-2.110807418823242,-0.020859450101852417,8.609531836286923
10552594,0,193.30804443359375,-1.8956257104873657,-0.020875968039035797,8.606101147793483
10552595,0,193.30946350097656,-1.680526852607727,-0.020895270630717278,8.602668087403258
10552596,0,193.3108367919922,-1.4655126333236694,-0.020915107801556587,8.59924334120746
10552597,0,193.31211853027344,-1.250584363937378,-0.02093406580388546,8.595817857938938
10552598,0,193.3133544921875,-1.0357427597045898,-0.020951461046934128,8.592391122894362
10552599,0,193.3145294189453,-0.8209879994392395,-0.020967138931155205,8.588957042836642
10552600,0,193.31565856933594,-0.6063215732574463,-0.02098091132938862,8.585463201320152
10552601,0,193.3168182373047,-0.39174309372901917,-0.020992964506149292,8.582003766614086
10552602,0,193.31796264648438,-0.1772533357143402,-0.02100353129208088,8.578494756145941
10552603,0,193.3192138671875,0.037148550152778625,-0.021012572571635246,8.575053753971273
10552604,0,193.32054138183594,0.2514635920524597,-0.021020354703068733,8.571648141808511
10552605,0,193.32200622558594,0.4656915068626404,-0.021027183160185814,8.56822837967395
10552606,0,193.3236083984375,0.6798319220542908,-0.021033134311437607,8.564801297247577
10552607,0,193.3253631591797,0.8938848972320557,-0.02103801630437374,8.561368466462941
10552608,0,193.32725524902344,1.1078499555587769,-0.021042441949248314,8.557931156107141
10552609,0,193.32933044433594,1.3217275142669678,-0.021046066656708717,8.554507383699601
10552610,0,193.33157348632812,1.5355175733566284,-0.021049270406365395,8.551090427480638
10552611,0,193.333984375,1.749220371246338,-0.021051939576864243,8.547709782846765
10552612,0,193.33657836914062,1.9629451036453247,-0.02105693705379963,8.552879049338548
10552613,0,193.33935546875,2.1770403385162354,-0.021069832146167755,8.567996249522981
10552614,0,193.34225463867188,2.391545295715332,-0.021086998283863068,8.584677143106449
10552615,0,193.34530639648438,2.606482982635498,-0.021105919033288956,8.602166198559315
10552616,0,193.34844970703125,2.821857213973999,-0.02112472429871559,8.619547702630678
10552617,0,193.35169982910156,3.037637948989868,-0.021141624078154564,8.635491653308902
10552618,0,193.35494995117188,3.2537760734558105,-0.02115577645599842,8.64949387398484
10552619,0,193.3582305908203,3.4702343940734863,-0.021166954189538956,8.661923297045671
10552620,0,193.3614959716797,3.6869564056396484,-0.021174391731619835,8.671977692308284
10552621,0,193.36471557617188,3.9038829803466797,-0.021178588271141052,8.679695004649995
10552622,0,193.36788940429688,4.1209635734558105,-0.021179581061005592,8.685379857212416
10552623,0,193.3709716796875,4.338139057159424,-0.02117759734392166,8.688593178318392
10552624,0,193.37396240234375,4.555356502532959,-0.021173132583498955,8.69002043471731
10552625,0,193.3769073486328,4.772599220275879,-0.021167220547795296,8.69073369251666
10552626,0,193.37977600097656,4.9898200035095215,-0.021159857511520386,8.689352444805808
10552627,0,193.38255310058594,5.206973075866699,-0.02115119807422161,8.686265396193434
10552628,0,193.38526916503906,5.424033164978027,-0.021141814067959785,8.682361468465784
10552629,0,193.38792419433594,5.6409912109375,-0.02113250643014908,8.67829744374545
10552630,0,193.39051818847656,5.857857704162598,-0.0211237333714962,8.674632640203024
10552631,0,193.39306640625,6.074639797210693,-0.021116293966770172,8.671414293318401
10552632,0,193.39559936523438,6.291365623474121,-0.021110229194164276,8.669469487680407
10552633,0,193.3981475830078,6.50808048248291,-0.021106375381350517,8.669364488184666
10552634,0,193.40069580078125,6.724817752838135,-0.021104468032717705,8.670541365038227
10552635,0,193.40328979492188,6.9416069984436035,-0.021104391664266586,8.672768899040095
10552636,0,193.4059295654297,7.158465385437012,-0.021105650812387466,8.675718838482517
10552637,0,193.4086456298828,7.375406742095947,-0.02110775001347065,8.679174405246858
10552638,0,193.41143798828125,7.592436790466309,-0.02111026644706726,8.682601230620419
10552639,0,193.414306640625,7.809527397155762,-0.021112365648150444,8.684658757054635
10552640,0,193.41726684570312,8.026630401611328,-0.021113090217113495,8.684892802280004
10552641,0,193.42030334472656,8.243725776672363,-0.021112632006406784,8.684638918954416
10552642,0,193.42344665527344,8.46081829071045,-0.021111678332090378,8.68471639638056
10552643,0,193.4267120361328,8.677921295166016,-0.021110840141773224,8.685217762394108
10552644,0,193.43006896972656,8.895028114318848,-0.021109962835907936,8.685395038989858
10552645,0,193.43359375,9.112130165100098,-0.02110881730914116,8.685171737868519
10552646,0,193.4372100830078,9.329230308532715,-0.021107863634824753,8.685282437091864
10552647,0,193.44093322753906,9.546342849731445,-0.021107252687215805,8.686152137127653
10552648,0,193.44476318359375,9.763507843017578,-0.021107787266373634,8.688678642826975
10552649,0,193.44866943359375,9.980774879455566,-0.0211098100990057,8.693331108740256
10552650,0,193.45263671875,10.198195457458496,-0.021113624796271324,8.699899826983765
10552651,0,193.45664978027344,10.415810585021973,-0.021119078621268272,8.707896365481545
10552652,0,193.460693359375,10.63361930847168,-0.02112499251961708,8.715392112446272
10552653,0,193.46473693847656,10.851555824279785,-0.0211293026804924,8.719780175199125
10552654,0,193.46875,11.069555282592773,-0.021131286397576332,8.721824560557613
10552655,0,193.47271728515625,11.287576675415039,-0.021130980923771858,8.722412847517935
10552656,0,193.4766387939453,11.50561237335205,-0.02112956903874874,8.723174491276135
10552657,0,193.48048400878906,11.723702430725098,-0.021128159016370773,8.725817095919616
10552658,0,193.4842987060547,11.94191837310791,-0.021128691732883453,8.731519028278898
10552659,0,193.488037109375,12.160330772399902,-0.021131476387381554,8.739977577183291
10552660,0,193.49172973632812,12.379015922546387,-0.021137161180377007,8.75156963876145
10552661,0,193.49533081054688,12.598051071166992,-0.021145399659872055,8.766222138373116
10552662,0,193.49888610839844,12.81751537322998,-0.021156348288059235,8.783940378934808
10552663,0,193.5023193359375,13.037471771240234,-0.021169280633330345,8.804089935781864
10552664,0,193.50572204589844,13.257966041564941,-0.021183623000979424,8.825971550054263
10552665,0,193.50900268554688,13.479040145874023,-0.021198654547333717,8.849354034598491
10552666,0,193.51223754882812,13.70072078704834,-0.021213913336396217,8.873819124530462
10552667,0,193.51536560058594,13.923032760620117,-0.021228903904557228,8.899301086234114
10552668,0,193.5184326171875,14.145988464355469,-0.021243209019303322,8.924953929328156
10552669,0,193.5214080810547,14.369582176208496,-0.02125621773302555,8.95055810919788
10552670,0,193.52427673339844,14.593828201293945,-0.021268120035529137,8.976815972155356
10552671,0,193.52708435058594,14.818737030029297,-0.021278953179717064,9.003400440169433
10552672,0,193.52980041503906,15.044316291809082,-0.02128887176513672,9.030276061098826
10552673,0,193.5323944091797,15.270577430725098,-0.021297913044691086,9.057521554420747
10552674,0,193.5348663330078,15.497516632080078,-0.021305961534380913,9.08461635654874
10552675,0,193.53717041015625,15.725119590759277,-0.021312789991497993,9.110791132810991
10552676,0,193.5392608642578,15.95334529876709,-0.02131759561598301,9.135172557350577
10552677,0,193.54112243652344,16.1821346282959,-0.021319961175322533,9.157219765043774
10552678,0,193.54269409179688,16.41144371032715,-0.02131984755396843,9.177367376777893
10552679,0,193.5438995361328,16.64118766784668,-0.021316757425665855,9.193693588711403
10552680,0,193.54473876953125,16.87125015258789,-0.021309737116098404,9.20537213720249
10552681,0,193.54513549804688,17.10152816772461,-0.02129894122481346,9.213008501566632
10552682,0,193.5450897216797,17.331892013549805,-0.02128402702510357,9.215151366845964
10552683,0,193.54458618164062,17.562206268310547,-0.021264877170324326,9.212037800038878
10552684,0,193.54367065429688,17.792362213134766,-0.021242370828986168,9.205152355754564
10552685,0,193.54237365722656,18.022310256958008,-0.02121852897107601,9.196376261693707
10552686,0,193.5407257080078,18.251977920532227,-0.02119354158639908,9.184645524306903
10552687,0,193.5387420654297,18.481313705444336,-0.021168440580368042,9.171218549843857
10552688,0,193.53648376464844,18.710294723510742,-0.021143989637494087,9.156691431968019
10552689,0,193.533935546875,18.938884735107422,-0.02112068049609661,9.140819209355048
10552690,0,193.5312042236328,19.167057037353516,-0.021098708733916283,9.124095082693499
10552691,0,193.5282745361328,19.394821166992188,-0.021078871563076973,9.10806872055525
10552692,0,193.5252227783203,19.62222671508789,-0.02106224000453949,9.09431274609969
10552693,0,193.5220489501953,19.84933853149414,-0.021049613133072853,9.083054955563442
10552694,0,193.51878356933594,20.076215744018555,-0.02104114554822445,9.074348017799096
10552695,0,193.5154571533203,20.302928924560547,-0.021036680787801743,9.068317776831432
10552696,0,193.51210021972656,20.52954864501953,-0.021035918965935707,9.06508790676355
10552697,0,193.5087127685547,20.756139755249023,-0.021038856357336044,9.064611020674612
10552698,0,193.50531005859375,20.982763290405273,-0.021044539287686348,9.066332037812362
10552699,0,193.50192260742188,21.2094669342041,-0.021052474156022072,9.069956839478046
10552700,0,193.49856567382812,21.436296463012695,-0.021062050014734268,9.075181641178403
10552701,0,193.49520874023438,21.66327667236328,-0.02107246406376362,9.081317041259732
10552702,0,193.49191284179688,21.890411376953125,-0.021082762628793716,9.087623629031413
10552703,0,193.48863220214844,22.117700576782227,-0.021092452108860016,9.093592779436163
10552704,0,193.4853515625,22.345130920410156,-0.021101035177707672,9.099122864056069
10552705,0,193.4821319580078,22.572668075561523,-0.021107902750372887,9.103082935183124
10552706,0,193.47889709472656,22.800275802612305,-0.02111251838505268,9.105561509695745
10552707,0,193.47572326660156,23.02791404724121,-0.021114997565746307,9.106652170774211
10552708,0,193.47251892089844,23.255565643310547,-0.021115798503160477,9.107030252558495
10552709,0,193.46929931640625,23.48321533203125,-0.021115455776453018,9.106697084529666
10552710,0,193.4660186767578,23.710832595825195,-0.02111377753317356,9.10529376301088
10552711,0,193.46263122558594,23.93839454650879,-0.021111106500029564,9.1029343999419
10552712,0,193.45912170410156,24.1658935546875,-0.021107902750372887,9.100542553563635
10552713,0,193.4554443359375,24.393348693847656,-0.021105118095874786,9.099197523112993
10552714,0,193.4516143798828,24.620773315429688,-0.0211029052734375,9.098120870551801
10552715,0,193.44761657714844,24.84817123413086,-0.021100997924804688,9.096966616639733
10552716,0,193.44346618652344,25.075529098510742,-0.02109939604997635,9.095623462921916
10552717,0,193.4391326904297,25.302846908569336,-0.02109786868095398,9.0938458788644
10552718,0,193.4346466064453,25.530109405517578,-0.021096190437674522,9.09184972321499
10552719,0,193.42999267578125,25.75732421875,-0.021094704046845436,9.090178216241581
10552720,0,193.42523193359375,25.984508514404297,-0.02109382674098015,9.089433043413761
10552721,0,193.42034912109375,26.21170425415039,-0.021094053983688354,9.090044430698972
10552722,0,193.4154052734375,26.43892478942871,-0.021095236763358116,9.091369401783437
10552723,0,193.41043090820312,26.666194915771484,-0.021097220480442047,9.093419359987635
10552724,0,193.40542602539062,26.89352035522461,-0.02109985239803791,9.095771657340809
10552725,0,193.40045166015625,27.120920181274414,-0.021102789789438248,9.098927440176594
10552726,0,193.39552307128906,27.348419189453125,-0.02110649086534977,9.103248292340677
10552727,0,193.39064025878906,27.576059341430664,-0.02111099287867546,9.10909541342985
10552728,0,193.38584899902344,27.80388069152832,-0.021116752177476883,9.11660580577206
10552729,0,193.3811492919922,28.03191375732422,-0.021123427897691727,9.125184179290502
10552730,0,193.37655639648438,28.26017951965332,-0.021130599081516266,9.134735224782178
10552731,0,193.37208557128906,28.48870277404785,-0.02113807573914528,9.145050995092602
10552732,0,193.3677520751953,28.717491149902344,-0.02114562876522541,9.155604576894483
10552733,0,193.36358642578125,28.946542739868164,-0.021152572706341743,9.165810642128204
10552734,0,193.3596649169922,29.17584228515625,-0.02115863747894764,9.175610443506452
10552735,0,193.35597229003906,29.40538787841797,-0.021163711324334145,9.185295420800102
10552736,0,193.3525390625,29.635177612304688,-0.0211680606007576,9.19479789507875
10552737,0,193.34933471679688,29.86519432067871,-0.02117137797176838,9.20360652970449
10552738,0,193.34632873535156,30.09541893005371,-0.02117343805730343,9.211695578628255
10552739,0,193.34347534179688,30.32583999633789,-0.02117469720542431,9.219320246683763
10552740,0,193.34075927734375,30.55643653869629,-0.02117496356368065,9.22615406640201
10552741,0,193.33811950683594,30.78719139099121,-0.021174278110265732,9.232262692062355
10552742,0,193.3355255126953,31.01808738708496,-0.021172866225242615,9.237803052210431
10552743,0,193.3329315185547,31.249107360839844,-0.021170921623706818,9.2426541208193
10552744,0,193.3302764892578,31.480241775512695,-0.021168440580368042,9.247074241370468
10552745,0,193.32752990722656,31.71147918701172,-0.02116554230451584,9.251380931115271
10552746,0,193.32470703125,31.942819595336914,-0.021162642166018486,9.255405824055119
10552747,0,193.32174682617188,32.174259185791016,-0.021159933879971504,9.25929540053988
10552748,0,193.3186492919922,32.40578842163086,-0.02115737833082676,9.2630706326757
10552749,0,193.31536865234375,32.63740539550781,-0.02115470916032791,9.266435339428897
10552750,0,193.3119354248047,32.869102478027344,-0.0211520753800869,9.269665276853877
10552751,0,193.30838012695312,33.10087203979492,-0.021149596199393272,9.272921827674402
10552752,0,193.30471801757812,33.332733154296875,-0.021147536113858223,9.276612167475296
10552753,0,193.3009796142578,33.564693450927734,-0.02114616334438324,9.28077770935566
10552754,0,193.2971649169922,33.7967643737793,-0.02114543877542019,9.285234734093097
10552755,0,193.2932891845703,34.02894592285156,-0.021144751459360123,9.289444954684933
10552756,0,193.2894287109375,34.26121139526367,-0.021143989637494087,9.292871860411124
10552757,0,193.28553771972656,34.49355697631836,-0.021142883226275444,9.295935807998271
10552758,0,193.28167724609375,34.725975036621094,-0.02114158496260643,9.298728090023703
10552759,0,193.27783203125,34.95846939086914,-0.021140288561582565,9.301856439433967
10552760,0,193.27403259277344,35.1910400390625,-0.02113906852900982,9.304726393870865
10552761,0,193.2703094482422,35.423667907714844,-0.021137619391083717,9.30674724868947
10552762,0,193.26663208007812,35.656314849853516,-0.021135253831744194,9.307142704738645
10552763,0,193.26300048828125,35.88892364501953,-0.021131210029125214,9.304883835217222
10552764,0,193.25942993164062,36.121429443359375,-0.02112533524632454,9.300291681769139
10552765,0,193.25595092773438,36.35380554199219,-0.021118201315402985,9.294872377496226
10552766,0,193.2525177001953,36.58605194091797,-0.021110916510224342,9.289823093557834
10552767,0,193.2491912841797,36.81817626953125,-0.021104048937559128,9.285102487398651
10552768,0,193.2459259033203,37.05018997192383,-0.021097984164953232,9.280483043711675
10552769,0,193.2427520751953,37.2820930480957,-0.02109268121421337,9.276180673142582
10552770,0,193.2395782470703,37.5139045715332,-0.021088408306241035,9.272220968658043
10552771,0,193.23648071289062,37.745609283447266,-0.021084822714328766,9.26825465735451
10552772,0,193.23341369628906,37.97722244262695,-0.021081961691379547,9.264613830323993
10552773,0,193.23033142089844,38.20875930786133,-0.021079977974295616,9.26157292288001
10552774,0,193.2272491455078,38.44022750854492,-0.02107894793152809,9.259128107879745
10552775,0,193.22409057617188,38.671653747558594,-0.02107856795191765,9.257275710301743
10552776,0,193.2208709716797,38.90303421020508,-0.02107894793152809,9.255838911352491
10552777,0,193.217529296875,39.13438415527344,-0.02107982523739338,9.25464232506754
10552778,0,193.21408081054688,39.3657112121582,-0.021081123501062393,9.253811487828678
10552779,0,193.21046447753906,39.597023010253906,-0.021082649007439613,9.25342296144129
10552780,0,193.2067108154297,39.82832336425781,-0.02108432725071907,9.25300835349647
10552781,0,193.2028350830078,40.059600830078125,-0.02108604460954666,9.252372982180608
10552782,0,193.19879150390625,40.290863037109375,-0.02108745463192463,9.251618428790598
10552783,0,193.19464111328125,40.52210235595703,-0.021088561043143272,9.250785024692481
10552784,0,193.1903839111328,40.75332260131836,-0.02108963020145893,9.250246902482104
10552785,0,193.18603515625,40.98453140258789,-0.021090621128678322,9.249817066750847
10552786,0,193.18157958984375,41.21572494506836,-0.021091574802994728,9.249510446056275
10552787,0,193.17703247070312,41.44691848754883,-0.021092720329761505,9.24966111057034
10552788,0,193.17242431640625,41.678123474121094,-0.021094053983688354,9.250008718919332
10552789,0,193.1677703857422,41.90934371948242,-0.02109573408961296,9.2511824315393
10552790,0,193.16305541992188,42.140625,-0.021098021417856216,9.253603208458296
10552791,0,193.1583709716797,42.371986389160156,-0.0211014561355114,9.257363222541201
10552792,0,193.15370178222656,42.603450775146484,-0.021105345338582993,9.261354887303847
10552793,0,193.14906311035156,42.83501052856445,-0.02110927551984787,9.265048887833851
10552794,0,193.1444854736328,43.066654205322266,-0.021112671121954918,9.268225631935385
10552795,0,193.1400146484375,43.29838180541992,-0.021115722134709358,9.271715352374548
10552796,0,193.13575744628906,43.53022003173828,-0.021118583157658577,9.275650297198338
10552797,0,193.13172912597656,43.76216125488281,-0.0211215578019619,9.280110863462557
10552798,0,193.12799072265625,43.99422836303711,-0.02112445794045925,9.28492744637808
