ts,agent_id,x,y,z,v
2737893,0,192.36241149902344,-86.26268005371094,0.5347328782081604,0.0
2737894,0,192.36241149902344,-86.26268005371094,0.4873131513595581,0.0
2737895,0,192.36241149902344,-86.26268005371094,0.43378135561943054,0.0
2737896,0,192.36241149902344,-86.26268005371094,0.37413910031318665,0.0
2737897,0,192.36241149902344,-86.26268005371094,0.3083879053592682,0.0
2737898,0,192.36241149902344,-86.26268005371094,0.23652930557727814,0.0
2737899,0,192.36241149902344,-86.26268005371094,0.15856479108333588,0.0
2737900,0,192.36241149902344,-86.26268005371094,0.07449592649936676,0.0
2737901,0,192.36241149902344,-86.26268005371094,-0.0014325713273137808,6.917784233373188e-08
2737902,0,192.36241149902344,-86.26268005371094,-0.04976116120815277,2.0413823173284567e-07
2737903,0,192.36241149902344,-86.26268005371094,-0.0790141299366951,5.2440307278166785e-08
2737904,0,192.36241149902344,-86.26268005371094,-0.09499464184045792,8.290729781257572e-08
2737905,0,192.36241149902344,-86.26268005371094,-0.09607665985822678,0.0018333363437728445
2737906,0,192.36241149902344,-86.2625503540039,-0.09360036998987198,0.006436477923757147
2737907,0,192.36244201660156,-86.26248168945312,-0.08894706517457962,0.0026664276583291263
2737908,0,192.36244201660156,-86.26243591308594,-0.08312385529279709,0.0007270322518043446
2737909,0,192.36244201660156,-86.2624282836914,-0.07681392133235931,0.0002672377689427192
2737910,0,192.36245727539062,-86.26243591308594,-0.07046787440776825,0.0007197094232854463
2737911,0,192.36245727539062,-86.26245880126953,-0.06437091529369354,0.0009064883416591917
2737912,0,192.36244201660156,-86.26248168945312,-0.05869167298078537,0.0009502892168447737
2737913,0,192.36244201660156,-86.26250457763672,-0.05351840704679489,0.0009211359169973673
2737914,0,192.36241149902344,-86.26252746582031,-0.04888515546917915,0.0008577343536628592
2737915,0,192.36241149902344,-86.26255798339844,-0.044789884239435196,0.0007801428726891582
2737916,0,192.36244201660156,-86.2625732421875,-0.041208647191524506,0.000699428724973341
2737917,0,192.36245727539062,-86.2625961303711,-0.03810413181781769,0.0006212779054338338
2737918,0,192.36245727539062,-86.26261901855469,-0.03543258458375931,0.0005485498959652518
2737919,0,192.3624725341797,-86.26263427734375,-0.03314792737364769,0.0004824719912584209
2737920,0,192.3625030517578,-86.26264190673828,-0.03120456635951996,0.00042328851614888895
2737921,0,192.3625030517578,-86.26265716552734,-0.029559288173913956,0.0003701906477156198
2737922,0,192.3625030517578,-86.26266479492188,-0.028171919286251068,0.0003237515864924368
2737923,0,192.36251831054688,-86.2626724243164,-0.02700645476579666,0.0002825933414925578
2737924,0,192.36251831054688,-86.26268005371094,-0.026030387729406357,0.0002466856088834341
2737925,0,192.36251831054688,-86.2626953125,-0.025215454399585724,0.00021500250705812113
2737926,0,192.36253356933594,-86.2626953125,-0.0245367418974638,0.00018729913781836684
2737927,0,192.36253356933594,-86.26270294189453,-0.0239728931337595,0.0001629959846367085
2737928,0,192.36253356933594,-86.26270294189453,-0.0235054399818182,0.00014193706872863692
2737929,0,192.36253356933594,-86.26271057128906,-0.02311866730451584,0.00012355183185755296
2737930,0,192.36253356933594,-86.26271057128906,-0.022799339145421982,0.00010730065202186568
2737931,0,192.362548828125,-86.26271057128906,-0.02253604866564274,9.365246713067658e-05
2737932,0,192.362548828125,-86.26271057128906,-0.022319259122014046,8.148225512406391e-05
2737933,0,192.362548828125,-86.26272583007812,-0.0221411120146513,7.079423934702335e-05
2737934,0,192.362548828125,-86.26272583007812,-0.021994896233081818,6.196946483453207e-05
2737935,0,192.362548828125,-86.26272583007812,-0.02187499962747097,5.371450986397044e-05
2737936,0,192.362548828125,-86.26272583007812,-0.02177680842578411,4.6651491619827304e-05
2737937,0,192.362548828125,-86.26272583007812,-0.02169654704630375,4.0363962874131975e-05
2737938,0,192.362548828125,-86.26272583007812,-0.02163093537092209,3.545903470666077e-05
2737939,0,192.362548828125,-86.26272583007812,-0.0215773768723011,3.08045826441733e-05
2737940,0,192.362548828125,-86.26272583007812,-0.0215773768723011,0.0
2737941,0,192.362548828125,-86.26272583007812,-0.021541861817240715,3.3640322457376334e-06
2737942,0,192.362548828125,-86.26272583007812,-0.021525496616959572,2.937129370187856e-06
2737943,0,192.362548828125,-86.26272583007812,-0.02150745317339897,2.970613711515691e-06
2737944,0,192.362548828125,-86.26272583007812,-0.02148914337158203,2.8368082017537802e-06
2737945,0,192.362548828125,-86.26272583007812,-0.021471481770277023,2.6005311401802493e-06
2737946,0,192.362548828125,-86.26272583007812,-0.021454887464642525,2.3162429501711397e-06
2737947,0,192.362548828125,-86.26272583007812,-0.021439742296934128,2.1083626739647096e-06
2737948,0,192.362548828125,-86.26272583007812,-0.021426161751151085,1.82203272530722e-06
2737949,0,192.362548828125,-86.26272583007812,-0.02141410857439041,1.6373981134746402e-06
2737950,0,192.362548828125,-86.26272583007812,-0.02140357904136181,1.3355571566475075e-06
2737951,0,192.362548828125,-86.26272583007812,-0.02139442414045334,1.2225096747574242e-06
2737952,0,192.362548828125,-86.26272583007812,-0.021386565640568733,1.1296096848052193e-06
2737953,0,192.362548828125,-86.26272583007812,-0.02137981355190277,9.603919949472813e-07
2737954,0,192.362548828125,-86.26272583007812,-0.02137405425310135,8.086704729521633e-07
2737955,0,192.362548828125,-86.26273345947266,-0.021369170397520065,6.573430418578605e-07
2737956,0,192.362548828125,-86.26273345947266,-0.021365126594901085,6.141255411521699e-07
2737957,0,192.362548828125,-86.26273345947266,-0.021365126594901085,0.0
2737958,0,192.362548828125,-86.26273345947266,-0.021362189203500748,2.7993486093655315e-07
2737959,0,192.362548828125,-86.26273345947266,-0.021360816434025764,3.5750424758229827e-07
2737960,0,192.362548828125,-86.26273345947266,-0.021359214559197426,3.161987160508191e-07
2737961,0,192.362548828125,-86.26273345947266,-0.021357573568820953,3.840642790400065e-07
2737962,0,192.362548828125,-86.26273345947266,-0.02135601080954075,3.2893895784295677e-07
2737963,0,192.362548828125,-86.26273345947266,-0.021354522556066513,2.557539010591034e-07
2737964,0,192.362548828125,-86.26273345947266,-0.02135314978659153,1.840014334947572e-07
2737965,0,192.362548828125,-86.26273345947266,-0.021351967006921768,1.95255933764077e-07
2737966,0,192.362548828125,-86.26273345947266,-0.021350936964154243,2.279710067276737e-07
2737967,0,192.362548828125,-86.26273345947266,-0.021350936964154243,1.5121456326081875e-07
2737968,0,192.362548828125,-86.26273345947266,-0.021349182352423668,1.1076431289042106e-07
2737969,0,192.362548828125,-86.26273345947266,-0.021349182352423668,1.05543251557798e-07
2737970,0,192.362548828125,-86.26273345947266,-0.021347884088754654,1.0884538376839979e-07
2737971,0,192.362548828125,-86.26273345947266,-0.021347884088754654,1.0341870378654858e-07
2737972,0,192.362548828125,-86.26273345947266,-0.021347884088754654,8.486610691383668e-08
2737973,0,192.362548828125,-86.26273345947266,-0.02134651131927967,1.1013785033190688e-07
2737974,0,192.362548828125,-86.26273345947266,-0.02134651131927967,0.0
2737975,0,192.362548828125,-86.26273345947266,-0.02134651131927967,6.033838637069557e-08
2737976,0,192.362548828125,-86.26273345947266,-0.02134651131927967,5.56116846278232e-08
2737977,0,192.362548828125,-86.26273345947266,-0.02134651131927967,1.137041533020519e-07
2737978,0,192.362548828125,-86.26273345947266,-0.02134651131927967,7.703590796020369e-08
2737979,0,192.362548828125,-86.26273345947266,-0.02134651131927967,4.978839946099997e-08
2737980,0,192.362548828125,-86.26273345947266,-0.02134651131927967,1.8945737622429736e-08
2737981,0,192.362548828125,-86.26273345947266,-0.02134651131927967,1.130742824556957e-07
2737982,0,192.362548828125,-86.26273345947266,-0.021345404908061028,9.003773513666066e-09
2737983,0,192.362548828125,-86.26273345947266,-0.021345404908061028,9.623701186246874e-08
2737984,0,192.362548828125,-86.26273345947266,-0.021345404908061028,4.1567246243273715e-08
2737985,0,192.362548828125,-86.26273345947266,-0.021345404908061028,1.1192779114115091e-07
2737986,0,192.362548828125,-86.26273345947266,-0.021345404908061028,7.138223442355202e-08
2737987,0,192.362548828125,-86.26271057128906,-0.021343840286135674,0.0013495947068704033
2737988,0,192.3626251220703,-86.25659942626953,-0.021463926881551743,0.3192508147097852
2737989,0,192.36279296875,-86.24266052246094,-0.02166755683720112,0.627314233094753
2737990,0,192.363037109375,-86.22119140625,-0.021905746310949326,0.9249557945776433
2737991,0,192.36337280273438,-86.19248962402344,-0.02214847505092621,1.211915236795893
2737992,0,192.36380004882812,-86.15680694580078,-0.02237781509757042,1.4880753051226732
2737993,0,192.36431884765625,-86.11444854736328,-0.022583769634366035,1.7534191150133562
2737994,0,192.36485290527344,-86.06568145751953,-0.02276180125772953,2.00803053098724
2737995,0,192.365478515625,-86.01078033447266,-0.02291061356663704,2.2520593576262318
2737996,0,192.3661651611328,-85.94998168945312,-0.023030737414956093,2.4857285555436723
2737997,0,192.3668975830078,-85.88355255126953,-0.02312389388680458,2.7093054536575147
2737998,0,192.36769104003906,-85.81175231933594,-0.023192711174488068,2.92311308378821
2737999,0,192.36851501464844,-85.73479461669922,-0.023239783942699432,3.127502419318207
2738000,0,192.369384765625,-85.65291595458984,-0.02326785959303379,3.322852633009833
2738001,0,192.3703155517578,-85.56632995605469,-0.023279685527086258,3.50956798971234
2738002,0,192.3712615966797,-85.4752197265625,-0.02327754907310009,3.688063465674729
2738003,0,192.3722381591797,-85.37982177734375,-0.023263968527317047,3.8587557722428767
2738004,0,192.37326049804688,-85.28030395507812,-0.02324100397527218,4.022178651547837
2738005,0,192.374267578125,-85.17682647705078,-0.023210296407341957,4.1789972881608595
2738006,0,192.3753204345703,-85.06954956054688,-0.023173941299319267,4.329627259359893
2738007,0,192.37640380859375,-84.9586181640625,-0.02313304878771305,4.474392962453178
2738008,0,192.37750244140625,-84.84418487548828,-0.023089103400707245,4.613589221989159
2738009,0,192.3785858154297,-84.72636413574219,-0.023042716085910797,4.747509566622459
2738010,0,192.37969970703125,-84.60529327392578,-0.02299491874873638,4.876451679718325
2738011,0,192.38082885742188,-84.4810791015625,-0.022946281358599663,5.000702051347496
2738012,0,192.3820037841797,-84.35384368896484,-0.022635765373706818,5.12163792811143
2738013,0,192.3832244873047,-84.22367095947266,-0.022435225546360016,5.23786109809004
2738014,0,192.38441467285156,-84.09065246582031,-0.022306403145194054,5.350154866658893
2738015,0,192.38563537597656,-83.95490264892578,-0.022223662585020065,5.45878301475357
2738016,0,192.38687133789062,-83.81649017333984,-0.02217021957039833,5.563960786789844
2738017,0,192.38807678222656,-83.6755142211914,-0.022134780883789062,5.665928626896358
2738018,0,192.3893280029297,-83.53205108642578,-0.022110098972916603,5.764861898593567
2738019,0,192.3905792236328,-83.38615417480469,-0.022091368213295937,5.861015884168049
2738020,0,192.39187622070312,-83.23790740966797,-0.022076109424233437,5.954557133546969
2738021,0,192.39320373535156,-83.08737182617188,-0.022062033414840698,6.045670034229496
2738022,0,192.39459228515625,-82.93460083007812,-0.022048605605959892,6.134495646756551
2738023,0,192.39605712890625,-82.77962493896484,-0.02203495055437088,6.221213401892223
2738024,0,192.3975372314453,-82.62254333496094,-0.022020988166332245,6.305945006025084
2738025,0,192.3990936279297,-82.46337890625,-0.022006377577781677,6.388810473244485
2738026,0,192.4007110595703,-82.30216979980469,-0.02199169062077999,6.469967442436845
2738027,0,192.4024200439453,-82.13895416259766,-0.021976547315716743,6.549483764136467
2738028,0,192.40415954589844,-81.9737777709961,-0.021961364895105362,6.6274973116304
2738029,0,192.40599060058594,-81.80668640136719,-0.02194618247449398,6.704090157358852
2738030,0,192.4079132080078,-81.6376953125,-0.02193092368543148,6.779352899906737
2738031,0,192.40989685058594,-81.46685028076172,-0.021915968507528305,6.853358925013987
2738032,0,192.4119873046875,-81.29417419433594,-0.021901283413171768,6.926179547982146
2738033,0,192.41415405273438,-81.11969757080078,-0.02188693918287754,6.997867022589851
2738034,0,192.41636657714844,-80.9434585571289,-0.021873092278838158,7.0685189161108415
2738035,0,192.4186248779297,-80.76546478271484,-0.02185955084860325,7.138181021361922
2738036,0,192.42091369628906,-80.58574676513672,-0.0218464657664299,7.20690163071621
2738037,0,192.4232177734375,-80.40432739257812,-0.021833915263414383,7.2747296035360725
2738038,0,192.425537109375,-80.22123718261719,-0.02182178385555744,7.341706038681722
2738039,0,192.4279022216797,-80.0364761352539,-0.021810226142406464,7.4078255735656295
2738040,0,192.4302520751953,-79.8500747680664,-0.0217992402613163,7.473207518852675
2738041,0,192.4326171875,-79.66205596923828,-0.021788597106933594,7.537555950082972
2738042,0,192.43499755859375,-79.47248077392578,-0.02177734300494194,7.59931472876462
2738043,0,192.4373321533203,-79.28144836425781,-0.021764220669865608,7.6558610085297465
2738044,0,192.43966674804688,-79.089111328125,-0.021747779101133347,7.70713812017908
2738045,0,192.44192504882812,-78.89556884765625,-0.021728362888097763,7.754800035617146
2738046,0,192.4441375732422,-78.70088958740234,-0.021706847473978996,7.799183712341006
2738047,0,192.44625854492188,-78.50519561767578,-0.021683121100068092,7.838595942584049
2738048,0,192.44833374023438,-78.30933380126953,-0.021640585735440254,7.835434612354871
2738049,0,192.45028686523438,-78.11355590820312,-0.021586189046502113,7.832353455741044
2738050,0,192.4521484375,-77.91786193847656,-0.021528663113713264,7.829274679347963
2738051,0,192.4539031982422,-77.72225189208984,-0.021472739055752754,7.82619095647642
2738052,0,192.45556640625,-77.52669525146484,-0.021421050652861595,7.8231016068882235
2738053,0,192.45713806152344,-77.33122253417969,-0.021374206990003586,7.820008198342563
2738054,0,192.4586639404297,-77.13581085205078,-0.021332625299692154,7.816906799448375
2738055,0,192.4601593017578,-76.94048309326172,-0.021296195685863495,7.813817237690572
2738056,0,192.46163940429688,-76.74522399902344,-0.02126438170671463,7.810731410807128
2738057,0,192.463134765625,-76.55004119873047,-0.021236762404441833,7.807631868037058
2738058,0,192.46466064453125,-76.35492706298828,-0.021212996914982796,7.804522830263658
2738059,0,192.46617126464844,-76.15989685058594,-0.021192550659179688,7.801430236825497
2738060,0,192.46774291992188,-75.9649429321289,-0.021174926310777664,7.798351881339185
2738061,0,192.46939086914062,-75.77005767822266,-0.0211598202586174,7.79527324669198
2738062,0,192.47108459472656,-75.57524871826172,-0.021146735176444054,7.7922003635424275
2738063,0,192.47286987304688,-75.38052368164062,-0.02113567292690277,7.789097826115287
2738064,0,192.47470092773438,-75.18587493896484,-0.02112598344683647,7.78601681712167
2738065,0,192.4765625,-74.99140167236328,-0.021115340292453766,7.7744036904679215
2738066,0,192.4783935546875,-74.7978286743164,-0.02108924835920334,7.731955979587396
2738067,0,192.48019409179688,-74.60588836669922,-0.02104095369577408,7.659362812963328
2738068,0,192.48196411132812,-74.4151611328125,-0.020996741950511932,7.649561012982126
2738069,0,192.48374938964844,-74.22286224365234,-0.02101181074976921,7.705540492317202
2738070,0,192.48548889160156,-74.02926635742188,-0.02105136774480343,7.755115991981812
2738071,0,192.48719787597656,-73.83446502685547,-0.021100005134940147,7.802553982500384
2738072,0,192.48886108398438,-73.63866424560547,-0.021145857870578766,7.838816956433853
2738073,0,192.490478515625,-73.44223022460938,-0.02118045836687088,7.861302571024543
2738074,0,192.4921112060547,-73.2454833984375,-0.021200256422162056,7.871065781562657
2738075,0,192.49371337890625,-73.0487289428711,-0.021205024793744087,7.8692947675841065
2738076,0,192.4953155517578,-72.85221862792969,-0.021196288987994194,7.8574213084501086
2738077,0,192.4969482421875,-72.65617370605469,-0.021175993606448174,7.836875690235124
2738078,0,192.49856567382812,-72.4608383178711,-0.021145973354578018,7.805534203000864
2738079,0,192.5001983642578,-72.26667022705078,-0.021102676168084145,7.754484125650656
2738080,0,192.50177001953125,-72.07404327392578,-0.021047096699476242,7.692261759120078
2738081,0,192.50331115722656,-71.88273620605469,-0.020993346348404884,7.642121289386939
2738082,0,192.50482177734375,-71.69265747070312,-0.02094520442187786,7.59272324736392
2738083,0,192.50631713867188,-71.50379180908203,-0.020902900025248528,7.5439492907245596
2738084,0,192.50778198242188,-71.3161392211914,-0.020866164937615395,7.495321176121287
2738085,0,192.50924682617188,-71.12970733642578,-0.020834235474467278,7.446401727302043
2738086,0,192.5106658935547,-70.94450378417969,-0.020806502550840378,7.397061281555452
2738087,0,192.51206970214844,-70.76051330566406,-0.020782431587576866,7.347970231703396
2738088,0,192.51348876953125,-70.57776641845703,-0.020761718973517418,7.29854506401421
2738089,0,192.51492309570312,-70.3962631225586,-0.020743293687701225,7.248300441302965
2738090,0,192.51632690429688,-70.21605682373047,-0.020726241171360016,7.195771115018492
2738091,0,192.5177459716797,-70.03719329833984,-0.020709723234176636,7.14141899181584
2738092,0,192.51914978027344,-69.8597183227539,-0.020693931728601456,7.086191762996696
2738093,0,192.52059936523438,-69.68362426757812,-0.020679015666246414,7.030456039724487
2738094,0,192.52203369140625,-69.50892639160156,-0.02066516876220703,6.974081904711069
2738095,0,192.52345275878906,-69.33568572998047,-0.020651817321777344,6.91597576314971
2738096,0,192.52490234375,-69.16390228271484,-0.020638808608055115,6.85702806746299
2738097,0,192.5263671875,-68.99358367919922,-0.020627211779356003,6.798970640894208
2738098,0,192.52784729003906,-68.8246841430664,-0.020617598667740822,6.7425092399802065
2738099,0,192.52938842773438,-68.65718841552734,-0.020610008388757706,6.686561417352308
2738100,0,192.53097534179688,-68.4910659790039,-0.02060439996421337,6.6317298951319374
2738101,0,192.53257751464844,-68.3262939453125,-0.020600661635398865,6.577598778820521
2738102,0,192.5342559814453,-68.16287231445312,-0.020598066970705986,6.5237635588594935
2738103,0,192.53599548339844,-68.00077819824219,-0.020596962422132492,6.471089900036084
2738104,0,192.5377960205078,-67.83998107910156,-0.020597266033291817,6.419820309560254
2738105,0,192.53968811035156,-67.680419921875,-0.020599402487277985,6.370767573484504
2738106,0,192.54165649414062,-67.52200317382812,-0.020604170858860016,6.326163330572208
2738107,0,192.54373168945312,-67.36458587646484,-0.02061344124376774,6.287591302037607
2738108,0,192.54583740234375,-67.20803833007812,-0.020627059042453766,6.253889125271394
2738109,0,192.5480194091797,-67.05221557617188,-0.020645560696721077,6.226985890009195
2738110,0,192.55026245117188,-66.89688110351562,-0.020669974386692047,6.209268046818702
2738111,0,192.5525665283203,-66.7417984008789,-0.02070159837603569,6.202031430283764
2738112,0,192.554931640625,-66.58667755126953,-0.020740890875458717,6.205713155178687
2738113,0,192.55735778808594,-66.4312744140625,-0.020787352696061134,6.219250964601784
2738114,0,192.55984497070312,-66.27537536621094,-0.020839614793658257,6.241111687836536
2738115,0,192.5623779296875,-66.11878967285156,-0.020895423367619514,6.26996585458884
2738116,0,192.56497192382812,-65.96137237548828,-0.02095344476401806,6.304687131151851
2738117,0,192.5676727294922,-65.80299377441406,-0.0210119616240263,6.344312189410289
2738118,0,192.57046508789062,-65.64354705810547,-0.021069755777716637,6.38815909492301
2738119,0,192.57334899902344,-65.48294067382812,-0.02112586982548237,6.435449531890071
2738120,0,192.57632446289062,-65.32110595703125,-0.021179428324103355,6.485140269196536
2738121,0,192.57937622070312,-65.15807342529297,-0.02122783660888672,6.532191390821579
2738122,0,192.58245849609375,-64.99398040771484,-0.02126815728843212,6.573590764207472
2738123,0,192.58551025390625,-64.82897186279297,-0.021298598498106003,6.609131175992448
2738124,0,192.5885772705078,-64.66314697265625,-0.021320266649127007,6.640864420653993
2738125,0,192.59158325195312,-64.4965591430664,-0.021335409954190254,6.6722140036834965
2738126,0,192.5946044921875,-64.32915496826172,-0.021346816793084145,6.704798070170564
2738127,0,192.59762573242188,-64.16093444824219,-0.021356048062443733,6.7379332139723935
2738128,0,192.6005859375,-63.99213409423828,-0.021357689052820206,6.750690485797326
2738129,0,192.60353088378906,-63.823421478271484,-0.021341972053050995,6.748902137729287
2738130,0,192.6064453125,-63.654788970947266,-0.02131824381649494,6.746352426343766
2738131,0,192.60934448242188,-63.48622512817383,-0.021291999146342278,6.7437361699802025
2738132,0,192.6122589111328,-63.31772994995117,-0.021265791729092598,6.741108291103585
2738133,0,192.61517333984375,-63.149295806884766,-0.021240996196866035,6.738466165949463
2738134,0,192.61805725097656,-62.980926513671875,-0.02121860533952713,6.735804554530792
2738135,0,192.62091064453125,-62.8126220703125,-0.021198425441980362,6.733165055231453
2738136,0,192.62374877929688,-62.64438247680664,-0.02118080109357834,6.73054419958691
2738137,0,192.62649536132812,-62.47620391845703,-0.021165352314710617,6.727894910433497
2738138,0,192.6291961669922,-62.30809020996094,-0.02115180902183056,6.725269180125965
2738139,0,192.63186645507812,-62.140037536621094,-0.02114025130867958,6.7226433861173485
2738140,0,192.634521484375,-61.972049713134766,-0.021130293607711792,6.720002594999423
2738141,0,192.63720703125,-61.80412292480469,-0.02112167328596115,6.717387791943015
2738142,0,192.63987731933594,-61.63626480102539,-0.021114272996783257,6.714770334486096
2738143,0,192.64260864257812,-61.46847152709961,-0.021107979118824005,6.712154176648463
2738144,0,192.6453399658203,-61.30073928833008,-0.021102484315633774,6.70954072518881
2738145,0,192.64808654785156,-61.133079528808594,-0.02109786868095398,6.7069279969252555
2738146,0,192.65081787109375,-60.965476989746094,-0.021093863993883133,6.704316753742144
2738147,0,192.65354919433594,-60.79794692993164,-0.0210904311388731,6.701704759735131
2738148,0,192.65631103515625,-60.6304817199707,-0.021087493747472763,6.699090107055003
2738149,0,192.65907287597656,-60.46177291870117,-0.02111366204917431,6.764370239187103
2738150,0,192.66184997558594,-60.29145812988281,-0.02116016298532486,6.828013780125719
2738151,0,192.66465759277344,-60.11955261230469,-0.02121429331600666,6.891100918444839
2738152,0,192.66749572753906,-59.946083068847656,-0.021268997341394424,6.95371104029127
2738153,0,192.67030334472656,-59.771053314208984,-0.021320724859833717,7.015892323403183
2738154,0,192.6731414794922,-59.594482421875,-0.021367911249399185,7.077741970388284
2738155,0,192.6759796142578,-59.41636657714844,-0.021409759297966957,7.139271962598218
2738156,0,192.6787872314453,-59.236732482910156,-0.021446533501148224,7.200540890416459
2738157,0,192.68157958984375,-59.055564880371094,-0.021478423848748207,7.26158107662894
2738158,0,192.68431091308594,-58.87287902832031,-0.02150581404566765,7.32243052090145
2738159,0,192.68701171875,-58.68868637084961,-0.021529579535126686,7.383129383121408
2738160,0,192.6896209716797,-58.50297546386719,-0.021549567580223083,7.443672863747924
2738161,0,192.69216918945312,-58.31575012207031,-0.021566886454820633,7.504059996971549
2738162,0,192.6946563720703,-58.12702560424805,-0.021581534296274185,7.564250912366116
2738163,0,192.69712829589844,-57.93680191040039,-0.021593818441033363,7.624272098223551
2738164,0,192.69952392578125,-57.74507522583008,-0.021604232490062714,7.684163337944411
2738165,0,192.7018280029297,-57.55185317993164,-0.02161300554871559,7.743983324295151
2738166,0,192.70404052734375,-57.357147216796875,-0.02162044495344162,7.803632509155204
2738167,0,192.70614624023438,-57.16094207763672,-0.021626586094498634,7.863163330747555
2738168,0,192.70816040039062,-56.9632568359375,-0.021631812676787376,7.922558647599177
2738169,0,192.71005249023438,-56.76408386230469,-0.021636085584759712,7.981811753715522
2738170,0,192.71185302734375,-56.56343460083008,-0.021639671176671982,8.040934198425388
2738171,0,192.7135467529297,-56.36130905151367,-0.02164260856807232,8.099924351704768
2738172,0,192.7151641845703,-56.15770721435547,-0.02164478227496147,8.158780752329957
2738173,0,192.71673583984375,-55.95264434814453,-0.0216466523706913,8.217506781557184
2738174,0,192.7182159423828,-55.746116638183594,-0.02164798602461815,8.276097453052882
2738175,0,192.71966552734375,-55.538124084472656,-0.021649092435836792,8.334561705496334
2738176,0,192.72108459472656,-55.328670501708984,-0.021649932488799095,8.39289714061221
2738177,0,192.72247314453125,-55.11776351928711,-0.021650390699505806,8.451102665482281
2738178,0,192.7238311767578,-54.905399322509766,-0.02165069617331028,8.509174943153536
2738179,0,192.72518920898438,-54.69158935546875,-0.021650809794664383,8.567109213069253
2738180,0,192.72653198242188,-54.47633361816406,-0.0216507725417614,8.624921863286067
2738181,0,192.7279510498047,-54.2596321105957,-0.021650543436408043,8.682622736915715
2738182,0,192.72938537597656,-54.0414924621582,-0.021650198847055435,8.740196004016461
2738183,0,192.73089599609375,-53.82191848754883,-0.021649818867444992,8.797646809524437
2738184,0,192.73245239257812,-53.60090637207031,-0.021649207919836044,8.854863040523847
2738185,0,192.7340545654297,-53.37847900390625,-0.02164844423532486,8.911605402108474
2738186,0,192.7357177734375,-53.154632568359375,-0.02164745330810547,8.968188053045038
2738187,0,192.73744201660156,-52.929378509521484,-0.02164619415998459,9.024464156388753
2738188,0,192.73919677734375,-52.70272445678711,-0.02164485864341259,9.080327743380023
2738189,0,192.7410125732422,-52.47470474243164,-0.021642684936523438,9.134390574851434
2738190,0,192.74288940429688,-52.245384216308594,-0.021639060229063034,9.186131849337182
2738191,0,192.7447967529297,-52.01480484008789,-0.021633567288517952,9.235856944188276
2738192,0,192.74681091308594,-51.78302764892578,-0.021626509726047516,9.283346850472725
2738193,0,192.7488555908203,-51.55012512207031,-0.021617354825139046,9.327731142224815
2738194,0,192.75099182128906,-51.31617736816406,-0.021605797111988068,9.368598778197633
2738195,0,192.753173828125,-51.081268310546875,-0.021591834723949432,9.406109135827323
2738196,0,192.75543212890625,-50.845497131347656,-0.021575698629021645,9.440448708109122
2738197,0,192.75770568847656,-50.60892105102539,-0.021557578817009926,9.47161172524284
2738198,0,192.760009765625,-50.37165069580078,-0.021537475287914276,9.49863792125441
2738199,0,192.76234436035156,-50.1337776184082,-0.021515045315027237,9.521087891433023
2738200,0,192.76466369628906,-49.89543533325195,-0.02149040251970291,9.539580639852558
2738201,0,192.7669219970703,-49.65667724609375,-0.021464308723807335,9.554981778287699
2738202,0,192.76918029785156,-49.41759490966797,-0.021437300369143486,9.567501206435315
2738203,0,192.7714080810547,-49.17824935913086,-0.021409988403320312,9.57740271314015
2738204,0,192.77359008789062,-48.93870162963867,-0.02138294093310833,9.585074813514536
2738205,0,192.7757568359375,-48.698997497558594,-0.02135620079934597,9.590535309757147
2738206,0,192.7779083251953,-48.459197998046875,-0.02133006975054741,9.593931656331495
2738207,0,192.7800750732422,-48.2193489074707,-0.0213046632707119,9.595423517999606
2738208,0,192.78228759765625,-47.97949981689453,-0.02128009684383869,9.595046488675832
2738209,0,192.7845458984375,-47.73968505859375,-0.021256523206830025,9.592934544941777
2738210,0,192.78684997558594,-47.499969482421875,-0.02123367227613926,9.58894633136915
2738211,0,192.78919982910156,-47.26038360595703,-0.02121150866150856,9.582988337484084
2738212,0,192.79161071777344,-47.02098083496094,-0.02118987962603569,9.575313189636695
2738213,0,192.7941131591797,-46.781795501708984,-0.021169167011976242,9.56616413075414
2738214,0,192.79673767089844,-46.542869567871094,-0.02114921435713768,9.555301110613488
2738215,0,192.79946899414062,-46.3043212890625,-0.021127929911017418,9.537380238624861
2738216,0,192.80227661132812,-46.06665802001953,-0.02109634317457676,9.496524092189894
2738217,0,192.80514526367188,-45.83033752441406,-0.02105201594531536,9.442852763595198
2738218,0,192.80804443359375,-45.59495162963867,-0.021012267097830772,9.409564325313932
2738219,0,192.81100463867188,-45.36033630371094,-0.02098030038177967,9.378508706915284
2738220,0,192.81398010253906,-45.12651824951172,-0.020953787490725517,9.346614367352727
2738221,0,192.8169708251953,-44.893489837646484,-0.020931510254740715,9.314637027040348
2738222,0,192.8199920654297,-44.66124725341797,-0.02091297134757042,9.283171417757986
2738223,0,192.822998046875,-44.429779052734375,-0.02089771255850792,9.252716303804922
2738224,0,192.82603454589844,-44.19902801513672,-0.020886152982711792,9.224361538547287
2738225,0,192.8290557861328,-43.96894073486328,-0.020878257229924202,9.198060743097985
2738226,0,192.83204650878906,-43.739471435546875,-0.020873641595244408,9.173926478953462
2738227,0,192.83502197265625,-43.51055908203125,-0.02087242156267166,9.152047710374347
2738228,0,192.8379669189453,-43.282142639160156,-0.020874137058854103,9.132672970497941
2738229,0,192.8408966064453,-43.05418014526367,-0.020878370851278305,9.114834145114397
2738230,0,192.84376525878906,-42.82664108276367,-0.020884132012724876,9.097923296372784
2738231,0,192.8466033935547,-42.599491119384766,-0.020891113206744194,9.082604751301744
2738232,0,192.84933471679688,-42.37269592285156,-0.020899314433336258,9.069086766155742
2738233,0,192.85205078125,-42.146202087402344,-0.0209086611866951,9.0573890896011
2738234,0,192.85470581054688,-41.919960021972656,-0.02091888338327408,9.04729777242024
2738235,0,192.85731506347656,-41.69395065307617,-0.020929832011461258,9.038890488438806
2738236,0,192.85992431640625,-41.468109130859375,-0.020941581577062607,9.03218616193855
2738237,0,192.8624725341797,-41.24240493774414,-0.02095382660627365,9.027011086647223
2738238,0,192.8650360107422,-41.01681137084961,-0.020966261625289917,9.023104331301838
2738239,0,192.86756896972656,-40.791290283203125,-0.020978812128305435,9.020465002461556
2738240,0,192.87008666992188,-40.56580352783203,-0.02099151536822319,9.019318968227868
2738241,0,192.87258911132812,-40.34031677246094,-0.0210044477134943,9.020012823540535
2738242,0,192.87510681152344,-40.11478042602539,-0.02101779915392399,9.02221121628852
2738243,0,192.87765502929688,-39.88916778564453,-0.02103118784725666,9.025745488721507
2738244,0,192.8802490234375,-39.66343688964844,-0.021044502034783363,9.03071092049974
2738245,0,192.88291931152344,-39.43756866455078,-0.021057700738310814,9.036359087052356
2738246,0,192.88571166992188,-39.21156692504883,-0.021069945767521858,9.041508912281346
2738247,0,192.88864135742188,-38.9854621887207,-0.02108020707964897,9.045683289860213
2738248,0,192.89170837402344,-38.7592658996582,-0.021088752895593643,9.04918481703529
2738249,0,192.8949432373047,-38.53299331665039,-0.021095581352710724,9.052125511094534
2738250,0,192.89822387695312,-38.30665969848633,-0.021100997924804688,9.055115567785217
2738251,0,192.9015655517578,-38.080230712890625,-0.02110576629638672,9.059005415773873
2738252,0,192.90493774414062,-37.85368728637695,-0.02111061103641987,9.064020705978079
2738253,0,192.90829467773438,-37.62698745727539,-0.021115988492965698,9.070612082063201
2738254,0,192.91159057617188,-37.40009689331055,-0.021122055128216743,9.07846583416855
2738255,0,192.914794921875,-37.17298889160156,-0.02112857811152935,9.087432175844672
2738256,0,192.91786193847656,-36.94562911987305,-0.021135788410902023,9.097408412020863
2738257,0,192.9207763671875,-36.71800994873047,-0.02114303596317768,9.107927237298618
2738258,0,192.92355346679688,-36.49011993408203,-0.02115039713680744,9.118860447507627
2738259,0,192.92616271972656,-36.26194381713867,-0.02115730196237564,9.130207974274217
2738260,0,192.92864990234375,-36.03348159790039,-0.02116413041949272,9.14180926458203
2738261,0,192.93104553222656,-35.80471420288086,-0.02117038704454899,9.153889898370835
2738262,0,192.93325805664062,-35.57564926147461,-0.021176109090447426,9.165773318415916
2738263,0,192.93536376953125,-35.34629440307617,-0.02118118293583393,9.177287351844567
2738264,0,192.93731689453125,-35.11665725708008,-0.02118530310690403,9.188498986319972
2738265,0,192.93919372558594,-34.88674545288086,-0.021188583225011826,9.19947968882106
2738266,0,192.94094848632812,-34.656558990478516,-0.021191252395510674,9.210204778635307
2738267,0,192.942626953125,-34.426116943359375,-0.021192969754338264,9.220408882832404
2738268,0,192.9442138671875,-34.1954345703125,-0.021193847060203552,9.229888751500049
2738269,0,192.9457550048828,-33.96452713012695,-0.02119399979710579,9.238599497952057
2738270,0,192.94723510742188,-33.73341751098633,-0.021193046122789383,9.246429676397256
2738271,0,192.94869995117188,-33.50212860107422,-0.02119121514260769,9.253473995839588
2738272,0,192.9501953125,-33.27067947387695,-0.021188849583268166,9.259871100537191
2738273,0,192.95169067382812,-33.039085388183594,-0.02118575945496559,9.265338808732828
2738274,0,192.95327758789062,-32.807376861572266,-0.021181907504796982,9.269705558697492
2738275,0,192.9549560546875,-32.57557678222656,-0.021177291870117188,9.273348286869494
2738276,0,192.95677185058594,-32.34368896484375,-0.021172599866986275,9.276543597902702
2738277,0,192.95877075195312,-32.11173629760742,-0.021167639642953873,9.279272966901507
2738278,0,192.96095275878906,-31.87972640991211,-0.021162528544664383,9.281376186750208
2738279,0,192.9633331298828,-31.647682189941406,-0.021157341077923775,9.282482873678484
2738280,0,192.9658966064453,-31.415651321411133,-0.021151313558220863,9.28166892330041
2738281,0,192.9685821533203,-31.183677673339844,-0.021144142374396324,9.2790198051776
2738282,0,192.971435546875,-30.9517765045166,-0.02113674208521843,9.276330701758294
2738283,0,192.97439575195312,-30.719940185546875,-0.021129455417394638,9.27386507028208
2738284,0,192.9774169921875,-30.488161087036133,-0.02112300880253315,9.271756756133486
2738285,0,192.98049926757812,-30.256425857543945,-0.02111762948334217,9.270032921634948
2738286,0,192.98362731933594,-30.02472496032715,-0.021113090217113495,9.268521321769098
2738287,0,192.98675537109375,-29.793066024780273,-0.02110935188829899,9.26700723668675
2738288,0,192.98983764648438,-29.561431884765625,-0.021106338128447533,9.265909626283872
2738289,0,192.992919921875,-29.3298282623291,-0.021104125306010246,9.264773748313793
2738290,0,192.99595642089844,-29.09825325012207,-0.02110210433602333,9.263398705116364
2738291,0,192.99896240234375,-28.86672592163086,-0.021100081503391266,9.261352719222163
2738292,0,193.00189208984375,-28.63526153564453,-0.021097831428050995,9.258855708376311
2738293,0,193.0047607421875,-28.403860092163086,-0.02109546586871147,9.256082006144672
2738294,0,193.007568359375,-28.172531127929688,-0.021093176677823067,9.253195308529211
2738295,0,193.01028442382812,-27.94127082824707,-0.021090926602482796,9.250558567419503
2738296,0,193.01292419433594,-27.710060119628906,-0.021089324727654457,9.248574102288792
2738297,0,193.01548767089844,-27.478891372680664,-0.021088484674692154,9.246944741381864
2738298,0,193.0179901123047,-27.24776268005371,-0.02108783647418022,9.245173103585051
2738299,0,193.02040100097656,-27.01668357849121,-0.02108718827366829,9.24311045372544
2738300,0,193.0227813720703,-26.785663604736328,-0.021086500957608223,9.24070572433449
2738301,0,193.02520751953125,-26.554704666137695,-0.021085776388645172,9.23835065461207
2738302,0,193.0276336669922,-26.323795318603516,-0.021085280925035477,9.236317214066254
2738303,0,193.0301055908203,-26.09296417236328,-0.021084364503622055,9.232741280151398
2738304,0,193.0326385498047,-25.86229133605957,-0.021081389859318733,9.225373243677716
2738305,0,193.0352325439453,-25.631893157958984,-0.021075133234262466,9.21342107824939
2738306,0,193.03794860839844,-25.401872634887695,-0.02106555923819542,9.197776255183545
2738307,0,193.040771484375,-25.17229461669922,-0.02105308510363102,9.179344416477377
2738308,0,193.0437469482422,-24.943241119384766,-0.021038513630628586,9.157889467861333
2738309,0,193.04684448242188,-24.714773178100586,-0.021021956577897072,9.13395004418858
2738310,0,193.0501251220703,-24.486942291259766,-0.021004294976592064,9.107960082169056
2738311,0,193.05360412597656,-24.259864807128906,-0.020984649658203125,9.075491658773904
2738312,0,193.05723571777344,-24.033998489379883,-0.020955046638846397,9.022007281921526
2738313,0,193.0609588623047,-23.809885025024414,-0.020910529419779778,8.946978980551478
2738314,0,193.0647735595703,-23.588075637817383,-0.02084915153682232,8.850057824955766
2738315,0,193.068603515625,-23.369117736816406,-0.020770911127328873,8.73090509280677
2738316,0,193.0724639892578,-23.153913497924805,-0.020668677985668182,8.570641644252689
2738317,0,193.0762481689453,-22.943117141723633,-0.020547255873680115,8.395612018347487
2738318,0,193.07997131347656,-22.735815048217773,-0.020442580804228783,8.268373998276683
2738319,0,193.08363342285156,-22.53089714050293,-0.020374679937958717,8.175135260449435
2738320,0,193.08714294433594,-22.328842163085938,-0.020319290459156036,8.052749721771992
2738321,0,193.09048461914062,-22.130414962768555,-0.020257415249943733,7.9002487245105915
2738322,0,193.09361267089844,-21.93637466430664,-0.02018009126186371,7.717360806505919
2738323,0,193.09649658203125,-21.747411727905273,-0.020084762945771217,7.510550219357921
2738324,0,193.09918212890625,-21.56365394592285,-0.019983138889074326,7.302223815178496
2738325,0,193.1016387939453,-21.385101318359375,-0.01988399401307106,7.093919406919274
2738326,0,193.1039276123047,-21.211748123168945,-0.01979190856218338,6.885671864916183
2738327,0,193.1060333251953,-21.043590545654297,-0.019708862528204918,6.677489919845569
2738328,0,193.1079864501953,-20.880624771118164,-0.019635390490293503,6.469385264130875
2738329,0,193.10980224609375,-20.72285270690918,-0.019570959731936455,6.261337100885442
2738330,0,193.11148071289062,-20.57027244567871,-0.01951507478952408,6.053363681120294
2738331,0,193.11306762695312,-20.422698974609375,-0.019471321254968643,5.859991528244252
2738332,0,193.11456298828125,-20.278894424438477,-0.01946258544921875,5.721725853107643
2738333,0,193.1160125732422,-20.137495040893555,-0.01950046420097351,5.637209696979272
2738334,0,193.11746215820312,-19.997182846069336,-0.01958789862692356,5.605180841581417
2738335,0,193.11886596679688,-19.856914520263672,-0.019717369228601456,5.6050793235820855
2738336,0,193.12025451660156,-19.717294692993164,-0.019846534356474876,5.556316666780934
2738337,0,193.12164306640625,-19.579803466796875,-0.019940299913287163,5.4770381318910255
2738338,0,193.123046875,-19.444252014160156,-0.0200139619410038,5.401215993398835
2738339,0,193.1244354248047,-19.310592651367188,-0.020073698833584785,5.324769974410406
2738340,0,193.1258544921875,-19.1789493560791,-0.02012031525373459,5.247287816310602
2738341,0,193.1273651123047,-19.049060821533203,-0.02016250602900982,5.175593790523353
2738342,0,193.12887573242188,-18.921234130859375,-0.02019355818629265,5.090295726748993
2738343,0,193.13043212890625,-18.795820236206055,-0.020209388807415962,4.990438843120844
2738344,0,193.13192749023438,-18.673263549804688,-0.0204259492456913,4.872232859156887
2738345,0,193.13339233398438,-18.55397605895996,-0.020548399537801743,4.737713636744347
2738346,0,193.134765625,-18.438392639160156,-0.020599020645022392,4.585661407801273
2738347,0,193.13609313964844,-18.326950073242188,-0.020595703274011612,4.416356732495387
2738348,0,193.13731384277344,-18.21991729736328,-0.020554885268211365,4.238811288631005
2738349,0,193.13848876953125,-18.117406845092773,-0.020491179078817368,4.057237371095079
2738350,0,193.13958740234375,-18.019498825073242,-0.0204148106276989,3.87227294120655
2738351,0,193.14059448242188,-17.926267623901367,-0.02033294551074505,3.6845006721858904
2738352,0,193.14154052734375,-17.8377742767334,-0.02025028131902218,3.494293481444044
2738353,0,193.1423797607422,-17.754072189331055,-0.02017005905508995,3.3020508725560784
2738354,0,193.14312744140625,-17.675199508666992,-0.02009429968893528,3.1084222423097434
2738355,0,193.14376831054688,-17.60118293762207,-0.020023955032229424,2.9138080368112016
2738356,0,193.144287109375,-17.532039642333984,-0.01996009796857834,2.718545788979858
2738357,0,193.14466857910156,-17.467792510986328,-0.019902687519788742,2.5224328693492253
2738358,0,193.14491271972656,-17.408451080322266,-0.01985141634941101,2.3260688982702358
2738359,0,193.14505004882812,-17.354015350341797,-0.019806327298283577,2.1298417183458573
2738360,0,193.14508056640625,-17.30446434020996,-0.019767532125115395,1.9346018860202874
2738361,0,193.1449737548828,-17.25977897644043,-0.019734343513846397,1.739953303151891
2738362,0,193.1448211669922,-17.219938278198242,-0.01970653422176838,1.546264841184352
2738363,0,193.14459228515625,-17.184925079345703,-0.019683532416820526,1.3532508921731898
2738364,0,193.14434814453125,-17.154708862304688,-0.01966506987810135,1.1614936183990223
2738365,0,193.1441192626953,-17.129255294799805,-0.019650688394904137,0.9710046555481295
2738366,0,193.1438751220703,-17.108552932739258,-0.019639434292912483,0.7810750814690129
2738367,0,193.14370727539062,-17.092905044555664,-0.019623564556241035,0.5654703742573768
2738368,0,193.14356994628906,-17.0839786529541,-0.019576873630285263,0.29157270882212344
2738369,0,193.14352416992188,-17.081871032714844,-0.019506454467773438,0.004344560961036494
2738370,0,193.1435546875,-17.081851959228516,-0.019530409947037697,0.00038276660510990206
2738371,0,193.1435546875,-17.081787109375,-0.019631003960967064,0.0006741989808878733
2738372,0,193.14352416992188,-17.081819534301758,-0.019767265766859055,0.01066557524699427
2738373,0,193.14352416992188,-17.081207275390625,-0.019933205097913742,0.0038999321279436193
2738374,0,193.14352416992188,-17.08039093017578,-0.020101012662053108,0.004815561552719135
2738375,0,193.14349365234375,-17.07935905456543,-0.0202622227370739,0.014137123890633232
2738376,0,193.14349365234375,-17.077993392944336,-0.020414160564541817,0.0313189237764208
2738377,0,193.14344787597656,-17.0758056640625,-0.020564764738082886,0.084638933642025
2738378,0,193.14344787597656,-17.073589324951172,-0.020689772441983223,0.0904242816351549
2738379,0,193.1434326171875,-17.070663452148438,-0.020807838067412376,0.11845488105417963
2738380,0,193.1433563232422,-17.067705154418945,-0.020901909098029137,0.11769357219450587
2738381,0,193.14334106445312,-17.06381607055664,-0.020997429266572,0.16087565917623323
2738382,0,193.14328002929688,-17.059986114501953,-0.0210668183863163,0.15872933667791236
2738383,0,193.1433563232422,-17.055498123168945,-0.021134071052074432,0.18957459226409934
2738384,0,193.1432647705078,-17.05051040649414,-0.021193046122789383,0.20501387716366345
2738385,0,193.14315795898438,-17.04546546936035,-0.021234359592199326,0.19281224451995774
2738386,0,193.14349365234375,-17.042333602905273,-0.021216964349150658,0.049069509323588424
2738387,0,193.1435089111328,-17.0423526763916,-0.02116626687347889,0.00028120730620433994
2738388,0,193.1435089111328,-17.0423641204834,-0.02114707976579666,9.706094390662517e-05
2738389,0,193.14349365234375,-17.041961669921875,-0.021154135465621948,0.042331638568386745
2738390,0,193.14349365234375,-17.04206657409668,-0.021157417446374893,0.0002555270357174016
2738391,0,193.14349365234375,-17.04206085205078,-0.021169546991586685,8.114790331429876e-05
2738392,0,193.14349365234375,-17.042051315307617,-0.02118503488600254,9.72118787880466e-05
2738393,0,193.14349365234375,-17.04174041748047,-0.02120853401720524,0.0377851241790395
2738394,0,193.14349365234375,-17.04133415222168,-0.02123115584254265,0.042136716054314724
2738395,0,193.1434783935547,-17.040796279907227,-0.021252326667308807,0.0475089159779697
2738396,0,193.1434783935547,-17.03980255126953,-0.021275214850902557,0.038966778200939946
2738397,0,193.14344787597656,-17.038814544677734,-0.021291999146342278,0.03894499757940726
2738398,0,193.1434326171875,-17.037832260131836,-0.021304283291101456,0.038923423866387925
2738399,0,193.14341735839844,-17.03685188293457,-0.021313361823558807,0.038907674103976074
2738400,0,193.14341735839844,-17.03587532043457,-0.021320227533578873,0.0389076762973921
2738401,0,193.1433868408203,-17.03489875793457,-0.02132541686296463,0.03889926972158661
2738402,0,193.14337158203125,-17.033924102783203,-0.021329345181584358,0.03888618392137291
2738403,0,193.14337158203125,-17.032949447631836,-0.02133231982588768,0.038874534896843706
2738404,0,193.1433563232422,-17.0319766998291,-0.02133464813232422,0.038859496877818235
2738405,0,193.14334106445312,-17.031003952026367,-0.02133655548095703,0.038835892429318536
2738406,0,193.143310546875,-17.030033111572266,-0.021338004618883133,0.03882421724743858
2738407,0,193.143310546875,-17.029064178466797,-0.02133922465145588,0.03879393479118742
2738408,0,193.14329528808594,-17.028093338012695,-0.02134021744132042,0.03878959357482077
2738409,0,193.14328002929688,-17.027122497558594,-0.02134086564183235,0.03877218626900927
2738410,0,193.14328002929688,-17.026151657104492,-0.021341590210795403,0.038757937631383375
2738411,0,193.1432647705078,-17.025182723999023,-0.02134200930595398,0.03875381220790717
2738412,0,193.1432342529297,-17.024213790893555,-0.021342353895306587,0.038742987327698424
2738413,0,193.1432342529297,-17.02324676513672,-0.021342849358916283,0.038719981412687496
2738414,0,193.14321899414062,-17.02227783203125,-0.02134319208562374,0.03871642013056883
2738415,0,193.14320373535156,-17.021312713623047,-0.021343421190977097,0.03871161099562582
2738416,0,193.14317321777344,-17.02027130126953,-0.02134532853960991,0.044464715993506126
2738417,0,193.14321899414062,-17.0186710357666,-0.021356048062443733,0.0540218223330553
2738418,0,193.14317321777344,-17.017322540283203,-0.021357040852308273,0.052080441285383604
2738419,0,193.14315795898438,-17.015939712524414,-0.021357765421271324,0.05453523928162322
2738420,0,193.1431427001953,-17.014305114746094,-0.021362686529755592,0.06765030093928186
2738421,0,193.14309692382812,-17.011064529418945,-0.02139747515320778,0.16598892582434965
2738422,0,193.14295959472656,-17.006122589111328,-0.021442413330078125,0.20483267220966772
2738423,0,193.1427459716797,-16.99951934814453,-0.021494559943675995,0.2752170541362934
2738424,0,193.1425323486328,-16.991445541381836,-0.021544303745031357,0.3368246869714798
2738425,0,193.1423797607422,-16.98174476623535,-0.021592864766716957,0.4065057683607935
2738426,0,193.14244079589844,-16.969955444335938,-0.02164710871875286,0.4898475798369267
2738427,0,193.1422576904297,-16.954633712768555,-0.02173084206879139,0.6467032388350268
2738428,0,193.14202880859375,-16.935871124267578,-0.021822776645421982,0.780190165485994
2738429,0,193.14170837402344,-16.914043426513672,-0.021908720955252647,0.8999970622738706
2738430,0,193.14132690429688,-16.889402389526367,-0.021982688456773758,1.010768127461556
2738431,0,193.140869140625,-16.862150192260742,-0.022042883560061455,1.1142072732847428
2738432,0,193.1403045654297,-16.832435607910156,-0.022089460864663124,1.2113500407365594
2738433,0,193.1396484375,-16.800512313842773,-0.022121047601103783,1.2971165708020678
2738434,0,193.13888549804688,-16.766881942749023,-0.02213287353515625,1.3587847832568785
2738435,0,193.1379852294922,-16.73240089416504,-0.022116737440228462,1.3845419526642837
2738436,0,193.1370086669922,-16.69753074645996,-0.022078245878219604,1.4020963232560102
2738437,0,193.135986328125,-16.662412643432617,-0.022024916484951973,1.4064601517860453
2738438,0,193.13490295410156,-16.62775421142578,-0.021952208131551743,1.381674409971901
2738439,0,193.1337890625,-16.594223022460938,-0.021859893575310707,1.3309420475722562
2738440,0,193.13267517089844,-16.562410354614258,-0.021750029176473618,1.2570463657592454
2738441,0,193.13162231445312,-16.53289222717285,-0.021624602377414703,1.160097719240077
2738442,0,193.13059997558594,-16.5062198638916,-0.021486395969986916,1.0410339753024378
2738443,0,193.12969970703125,-16.482860565185547,-0.021338921040296555,0.9055141866093237
2738444,0,193.12887573242188,-16.463722229003906,-0.021173782646656036,0.7029139960671258
2738445,0,193.1283416748047,-16.45169448852539,-0.020957298576831818,0.41855117053292956
2738446,0,193.12808227539062,-16.445783615112305,-0.020744629204273224,0.20177987438519526
2738447,0,193.12841796875,-16.445280075073242,-0.020548248663544655,0.0021865739357524077
2738448,0,193.12841796875,-16.445329666137695,-0.02046985551714897,0.0003488245780351415
2738449,0,193.12841796875,-16.44533348083496,-0.020465850830078125,6.636853343890408e-05
2738450,0,193.12843322753906,-16.444873809814453,-0.020514219999313354,0.03393365015344373
2738451,0,193.1283721923828,-16.443756103515625,-0.020592421293258667,0.04326660154622565
2738452,0,193.12831115722656,-16.442346572875977,-0.020679092034697533,0.0544219231544211
2738453,0,193.12823486328125,-16.44050407409668,-0.02076908014714718,0.0730945542908536
2738454,0,193.12814331054688,-16.43745231628418,-0.020871810615062714,0.14825066729430772
2738455,0,193.12789916992188,-16.432559967041016,-0.020987434312701225,0.20377531600642032
2738456,0,193.1276397705078,-16.42667579650879,-0.02108997292816639,0.2420800898131575
2738457,0,193.12733459472656,-16.419958114624023,-0.021177062764763832,0.27403788578351923
2738458,0,193.1270294189453,-16.412540435791016,-0.021248625591397285,0.30095278676784976
2738459,0,193.12669372558594,-16.40453338623047,-0.02130531333386898,0.3229993265702365
2738460,0,193.12640380859375,-16.39602279663086,-0.021349182352423668,0.34206229530268795
2738461,0,193.1260528564453,-16.38710594177246,-0.021381797268986702,0.35772289677427127
2738462,0,193.12571716308594,-16.377756118774414,-0.02140762284398079,0.37685234696828884
2738463,0,193.1253204345703,-16.36798667907715,-0.021427078172564507,0.3927264092163855
2738464,0,193.12506103515625,-16.358003616333008,-0.02143707312643528,0.3954827450914183
2738465,0,193.12466430664062,-16.347509384155273,-0.02144947089254856,0.4239246038858434
2738466,0,193.12413024902344,-16.33621597290039,-0.0214676670730114,0.4627587452437028
2738467,0,193.12367248535156,-16.324764251708984,-0.021473007276654243,0.46223931978605853
2738468,0,193.12313842773438,-16.313121795654297,-0.021475067362189293,0.4748199632364136
2738469,0,193.12252807617188,-16.301076889038086,-0.021477507427334785,0.4922916341032874
2738470,0,193.1219482421875,-16.288888931274414,-0.02147396095097065,0.5010028315179442
2738471,0,193.1214141845703,-16.27861976623535,-0.02142341621220112,0.3537849446548554
2738472,0,193.1211700439453,-16.272987365722656,-0.021315306425094604,0.23348817389993906
2738473,0,193.1208953857422,-16.26668357849121,-0.021268997341394424,0.26152717754633525
2738474,0,193.1205596923828,-16.260217666625977,-0.02124427817761898,0.2645815982963813
2738475,0,193.12033081054688,-16.25334358215332,-0.021241530776023865,0.2681973159806758
2738476,0,193.1199951171875,-16.245901107788086,-0.02125808596611023,0.30412987488987037
2738477,0,193.1197052001953,-16.238433837890625,-0.021269377321004868,0.29515306309865696
2738478,0,193.11936950683594,-16.231374740600586,-0.02127281203866005,0.28576132104681423
2738479,0,193.1190185546875,-16.22593879699707,-0.02124694734811783,0.19741708494563961
2738480,0,193.1190185546875,-16.225961685180664,-0.02113468199968338,0.0005995528008233324
2738481,0,193.1190185546875,-16.22599220275879,-0.0210861973464489,0.00022847710624497895
2738482,0,193.1190185546875,-16.226003646850586,-0.021070098504424095,5.8138683992465644e-05
2738483,0,193.1190185546875,-16.22599983215332,-0.021073760464787483,5.0531685587718644e-05
2738484,0,193.1190185546875,-16.225990295410156,-0.02108882926404476,0.00010647735890025177
2738485,0,193.1190185546875,-16.225976943969727,-0.021109847351908684,0.00013477600888547707
2738486,0,193.1190185546875,-16.22595977783203,-0.021133270114660263,0.00014497088788161658
2738487,0,193.1190185546875,-16.225942611694336,-0.02115711197257042,0.00014402540788595655
2738488,0,193.1190185546875,-16.225927352905273,-0.021179961040616035,0.0001367497161717526
2738489,0,193.1190185546875,-16.22591209411621,-0.021201133728027344,0.00012601356325031308
2738490,0,193.1190185546875,-16.22589874267578,-0.02122039720416069,0.00011378811384772071
2738491,0,193.1190185546875,-16.225889205932617,-0.021237602457404137,0.00010117171313799737
2738492,0,193.1190185546875,-16.22587776184082,-0.021252745762467384,8.901168050257248e-05
2738493,0,193.1190185546875,-16.225872039794922,-0.02126598358154297,7.761129885673192e-05
2738494,0,193.1190185546875,-16.22586441040039,-0.021277541294693947,6.726415135382961e-05
2738495,0,193.1190185546875,-16.225858688354492,-0.021287422627210617,5.801520034199278e-05
2738496,0,193.1190185546875,-16.225858688354492,-0.021287422627210617,0.0
2738497,0,193.1189727783203,-16.224899291992188,-0.021313056349754333,0.03562020969372375
2738498,0,193.11892700195312,-16.223962783813477,-0.021326866000890732,0.03548999208110846
2738499,0,193.11888122558594,-16.222997665405273,-0.021336326375603676,0.037192673367255326
2738500,0,193.1188201904297,-16.221948623657227,-0.021343916654586792,0.04099610355691505
2738501,0,193.11875915527344,-16.22076988220215,-0.021350784227252007,0.04668758177049501
2738502,0,193.11871337890625,-16.219375610351562,-0.021358566358685493,0.05617450578575259
2738503,0,193.1186065673828,-16.216949462890625,-0.02138401009142399,0.11645628217939868
2738504,0,193.1184539794922,-16.212757110595703,-0.021428756415843964,0.18217826547009158
2738505,0,193.11822509765625,-16.20712661743164,-0.021476592868566513,0.23710574992344627
2738506,0,193.11788940429688,-16.2001895904541,-0.021522140130400658,0.29269384804650067
2738507,0,193.1173858642578,-16.19156265258789,-0.02157016657292843,0.36650350107086277
2738508,0,193.11672973632812,-16.181049346923828,-0.021621359512209892,0.44153883700076246
2738509,0,193.11602783203125,-16.167388916015625,-0.021696319803595543,0.576148468951451
2738510,0,193.11517333984375,-16.150671005249023,-0.021778639405965805,0.6999811349552495
2738511,0,193.11415100097656,-16.130971908569336,-0.02185955084860325,0.815792743082168
2738512,0,193.11302185058594,-16.108543395996094,-0.021931495517492294,0.9224461578533694
2738513,0,193.1117706298828,-16.083528518676758,-0.02199249155819416,1.0254700529525431
2738514,0,193.11041259765625,-16.056058883666992,-0.022041702643036842,1.12219859869844
2738515,0,193.10890197753906,-16.026348114013672,-0.022077826783061028,1.2105218316287025
2738516,0,193.1072998046875,-15.994539260864258,-0.022102203220129013,1.2934970645979607
2738517,0,193.10560607910156,-15.96081829071045,-0.022114982828497887,1.3682682710918799
2738518,0,193.1038055419922,-15.92560863494873,-0.02211223542690277,1.421872834917269
2738519,0,193.1019287109375,-15.889286994934082,-0.02209453471004963,1.4664904800059722
2738520,0,193.0999755859375,-15.851937294006348,-0.022067183628678322,1.5067185589556182
2738521,0,193.09796142578125,-15.813627243041992,-0.022034376859664917,1.545290404141188
2738522,0,193.09585571289062,-15.774307250976562,-0.022000961005687714,1.5867978086386305
2738523,0,193.0936737060547,-15.733854293823242,-0.021971281617879868,1.6338920133585877
2738524,0,193.09141540527344,-15.692058563232422,-0.02194869890809059,1.6892365516943773
2738525,0,193.089111328125,-15.648788452148438,-0.02193359285593033,1.7490075213259018
2738526,0,193.0867462158203,-15.603976249694824,-0.021924704313278198,1.81084222390729
2738527,0,193.0843505859375,-15.557628631591797,-0.02191970683634281,1.8717165287568593
2738528,0,193.08192443847656,-15.509840965270996,-0.021915283054113388,1.927782014827276
2738529,0,193.0795135498047,-15.4607572555542,-0.02190902642905712,1.9786435371420144
2738530,0,193.0770721435547,-15.410449028015137,-0.021900825202465057,2.026992797551271
2738531,0,193.07467651367188,-15.358975410461426,-0.02189060114324093,2.0731088219583467
2738532,0,193.07232666015625,-15.306391716003418,-0.02187885157763958,2.1165514568979633
2738533,0,193.0699920654297,-15.252949714660645,-0.021861495450139046,2.146518595986614
2738534,0,193.06776428222656,-15.199227333068848,-0.021831244230270386,2.151211010496762
2738535,0,193.06564331054688,-15.145575523376465,-0.021789398044347763,2.1494823522622797
2738536,0,193.06358337402344,-15.09184455871582,-0.02174548991024494,2.153371633819031
2738537,0,193.06163024902344,-15.038188934326172,-0.021699028089642525,2.1461161377310636
2738538,0,193.05978393554688,-14.985142707824707,-0.02164340950548649,2.116186234619062
2738539,0,193.0580596923828,-14.93327522277832,-0.021574897691607475,2.0638066435721134
2738540,0,193.05645751953125,-14.88310718536377,-0.02149299532175064,1.9909600492005413
2738541,0,193.0550079345703,-14.835144996643066,-0.021398086100816727,1.8980689815448213
2738542,0,193.05372619628906,-14.789886474609375,-0.02129104547202587,1.7851593903503475
2738543,0,193.05259704589844,-14.747809410095215,-0.021173706278204918,1.6539477232690232
2738544,0,193.0515899658203,-14.708925247192383,-0.021056976169347763,1.5304944480013836
2738545,0,193.0507049560547,-14.672585487365723,-0.020958060398697853,1.435733991234709
2738546,0,193.0498809814453,-14.63792896270752,-0.020889701321721077,1.3766636760914954
2738547,0,193.04910278320312,-14.603971481323242,-0.020860251039266586,1.3576667605201653
2738548,0,193.04835510253906,-14.569947242736816,-0.020867805927991867,1.3637083170865578
2738549,0,193.04763793945312,-14.535456657409668,-0.02090362459421158,1.3852530233225757
2738550,0,193.0469512939453,-14.500144004821777,-0.020960578694939613,1.4207877946119423
2738551,0,193.04627990722656,-14.46372127532959,-0.021032217890024185,1.4671456938990466
2738552,0,193.04563903808594,-14.425983428955078,-0.021112900227308273,1.5213313292428774
2738553,0,193.04502868652344,-14.386763572692871,-0.021197928115725517,1.5819227017494106
2738554,0,193.04444885253906,-14.345939636230469,-0.021283455193042755,1.6470817772168953
2738555,0,193.04388427734375,-14.30341911315918,-0.021367186680436134,1.7158194575623151
2738556,0,193.0433807373047,-14.259130477905273,-0.021447105333209038,1.7872691307085868
2738557,0,193.0429229736328,-14.213014602661133,-0.021521834656596184,1.8609520548409175
2738558,0,193.04251098632812,-14.165030479431152,-0.021591147407889366,1.9363250057815797
2738559,0,193.0421600341797,-14.11513900756836,-0.021654510870575905,2.0130272585079623
2738560,0,193.04188537597656,-14.063313484191895,-0.021711844950914383,2.090843830624199
2738561,0,193.0416717529297,-14.009527206420898,-0.021763496100902557,2.169675679656851
2738562,0,193.04156494140625,-13.95375919342041,-0.021809883415699005,2.2492350497482807
2738563,0,193.04151916503906,-13.895997047424316,-0.02185111865401268,2.329415501627195
2738564,0,193.04159545898438,-13.836223602294922,-0.021887626498937607,2.410016913637039
2738565,0,193.041748046875,-13.774434089660645,-0.02192005142569542,2.4908951543241393
2738566,0,193.04200744628906,-13.71061897277832,-0.02194850891828537,2.5722426198971795
2738567,0,193.0424041748047,-13.64476203918457,-0.021973494440317154,2.654045125821389
2738568,0,193.04290771484375,-13.576862335205078,-0.021995581686496735,2.735981690069395
2738569,0,193.04354858398438,-13.506911277770996,-0.022014999762177467,2.8182788019626854
2738570,0,193.04432678222656,-13.434901237487793,-0.02203197404742241,2.9007738161183507
2738571,0,193.04527282714844,-13.36082649230957,-0.022046850994229317,2.9835364090295786
2738572,0,193.0463409423828,-13.284683227539062,-0.022060126066207886,3.0663956094002236
2738573,0,193.04759216308594,-13.206474304199219,-0.022071493789553642,3.1491814621646
2738574,0,193.0489959716797,-13.126473426818848,-0.022074775770306587,3.2104143252683905
2738575,0,193.05056762695312,-13.04626178741455,-0.02204509638249874,3.209825910453616
2738576,0,193.05224609375,-12.96609878540039,-0.0219940934330225,3.2086686542361327
2738577,0,193.05406188964844,-12.885973930358887,-0.021933211013674736,3.2076012932680036
2738578,0,193.05601501464844,-12.80588150024414,-0.021869467571377754,3.206480453780712
2738579,0,193.0580596923828,-12.725817680358887,-0.02180705964565277,3.2053561071188454
2738580,0,193.0602264404297,-12.645782470703125,-0.021748274564743042,3.2042046985054187
2738581,0,193.06251525878906,-12.565774917602539,-0.02169467881321907,3.203043378158736
2738582,0,193.0648956298828,-12.485794067382812,-0.02164646051824093,3.2018846984324583
2738583,0,193.0673370361328,-12.405841827392578,-0.021603774279356003,3.2007451664841655
2738584,0,193.0699005126953,-12.325915336608887,-0.02156631462275982,3.1996068977154914
2738585,0,193.07254028320312,-12.246016502380371,-0.021533774212002754,3.198479990604525
2738586,0,193.07522583007812,-12.166143417358398,-0.021505622193217278,3.1973521616029403
2738587,0,193.0780029296875,-12.08630084991455,-0.021481245756149292,3.196190054384919
2738588,0,193.0808563232422,-12.006486892700195,-0.02146041765809059,3.195003553696005
2738589,0,193.08377075195312,-11.926701545715332,-0.02144264243543148,3.1938404675782412
2738590,0,193.08673095703125,-11.846943855285645,-0.02142738364636898,3.1926723682747484
2738591,0,193.08973693847656,-11.767216682434082,-0.021414412185549736,3.1914966107169485
2738592,0,193.09283447265625,-11.687519073486328,-0.021403197199106216,3.1903645158453346
2738593,0,193.095947265625,-11.607850074768066,-0.021393928676843643,3.1892001778609216
2738594,0,193.09912109375,-11.52821159362793,-0.021385878324508667,3.1880102691359613
2738595,0,193.10235595703125,-11.446990966796875,-0.021411819383502007,3.278096134443242
2738596,0,193.10569763183594,-11.363038063049316,-0.02147270180284977,3.3853872726453806
2738597,0,193.10916137695312,-11.276471138000488,-0.02154918573796749,3.48854563809253
2738598,0,193.11273193359375,-11.187390327453613,-0.021629562601447105,3.5881511056070026
2738599,0,193.1163787841797,-11.095882415771484,-0.021707113832235336,3.6846865760900673
2738600,0,193.12008666992188,-11.002017974853516,-0.02177806757390499,3.7786018320322636
2738601,0,193.1239013671875,-10.90585708618164,-0.02184070460498333,3.8702418868159145
2738602,0,193.12779235839844,-10.807449340820312,-0.021894797682762146,3.959959662710105
2738603,0,193.1317596435547,-10.706839561462402,-0.02194061316549778,4.048001911939233
2738604,0,193.13577270507812,-10.604061126708984,-0.021978721022605896,4.134613349008562
2738605,0,193.13986206054688,-10.499147415161133,-0.022009925916790962,4.219983343554456
2738606,0,193.14398193359375,-10.392125129699707,-0.022035254165530205,4.3042988992792255
2738607,0,193.14817810058594,-10.283016204833984,-0.02205539681017399,4.3876890410202565
2738608,0,193.15235900878906,-10.171841621398926,-0.022071266546845436,4.470285935152073
2738609,0,193.15660095214844,-10.05861759185791,-0.022083664312958717,4.552212799328753
2738610,0,193.16085815429688,-9.94335651397705,-0.022093161940574646,4.633586435133281
2738611,0,193.16506958007812,-9.826070785522461,-0.022100219503045082,4.714452278021058
2738612,0,193.16929626464844,-9.706771850585938,-0.022105330601334572,4.794782394637966
2738613,0,193.1735076904297,-9.585476875305176,-0.022108839824795723,4.874633596557342
2738614,0,193.177734375,-9.46219253540039,-0.02211105264723301,4.953993674862392
2738615,0,193.1819305419922,-9.336932182312012,-0.022112349048256874,5.032914000362031
2738616,0,193.1861114501953,-9.209698677062988,-0.021858863532543182,5.1116985726291
2738617,0,193.1902313232422,-9.080504417419434,-0.02171001397073269,5.189959923764156
2738618,0,193.1942901611328,-8.949358940124512,-0.021629562601447105,5.267829390256824
2738619,0,193.19833374023438,-8.81627082824707,-0.021592559292912483,5.345334880308351
2738620,0,193.2023162841797,-8.68125057220459,-0.021582450717687607,5.42249766997605
2738621,0,193.2062530517578,-8.544304847717285,-0.021588439121842384,5.499304858390254
2738622,0,193.21011352539062,-8.405445098876953,-0.021603239700198174,5.575777528771456
2738623,0,193.2139434814453,-8.264676094055176,-0.02162242867052555,5.651934428360087
2738624,0,193.2177276611328,-8.122008323669434,-0.021642837673425674,5.727762554379623
2738625,0,193.2214813232422,-7.977447986602783,-0.02166317030787468,5.803276408883565
2738626,0,193.22518920898438,-7.831005096435547,-0.021682091057300568,5.87847722641241
2738627,0,193.2288818359375,-7.682686805725098,-0.021699104458093643,5.953367075153168
2738628,0,193.23255920410156,-7.532501220703125,-0.02171405777335167,6.027946171262352
2738629,0,193.2362060546875,-7.380455017089844,-0.02172699011862278,6.102240510128379
2738630,0,193.23985290527344,-7.226556777954102,-0.021737784147262573,6.1762298405199685
2738631,0,193.2434844970703,-7.0708136558532715,-0.021746978163719177,6.249923219309844
2738632,0,193.24713134765625,-6.913232803344727,-0.021754570305347443,6.323331057096361
2738633,0,193.25076293945312,-6.753821849822998,-0.021760595962405205,6.396452925126667
2738634,0,193.25439453125,-6.592586517333984,-0.021765556186437607,6.4693099305687936
2738635,0,193.2580108642578,-6.429534912109375,-0.021769331768155098,6.54188973111411
2738636,0,193.2615966796875,-6.264672756195068,-0.021771926432847977,6.614180509763995
2738637,0,193.26515197753906,-6.0980072021484375,-0.021773910149931908,6.686211150397901
2738638,0,193.26869201660156,-5.929544925689697,-0.02177528291940689,6.757961430855739
2738639,0,193.27218627929688,-5.759293079376221,-0.021775854751467705,6.82944614445476
2738640,0,193.27566528320312,-5.587258338928223,-0.021776122972369194,6.900646921103859
2738641,0,193.27911376953125,-5.413448333740234,-0.021775970235466957,6.971599159701193
2738642,0,193.2825469970703,-5.237868309020996,-0.021775398403406143,7.042282738257878
2738643,0,193.2860107421875,-5.060525894165039,-0.02177463471889496,7.112702272089572
2738644,0,193.2895050048828,-4.881429195404053,-0.021773643791675568,7.182840195230787
2738645,0,193.29298400878906,-4.700582504272461,-0.02177230827510357,7.252738008713474
2738646,0,193.29647827148438,-4.517992973327637,-0.021770859137177467,7.322375122635681
2738647,0,193.2999725341797,-4.333670139312744,-0.02176925539970398,7.391635184476653
2738648,0,193.303466796875,-4.147617816925049,-0.021767616271972656,7.460765111842915
2738649,0,193.3069610595703,-3.959841012954712,-0.021765822544693947,7.529634750674292
2738650,0,193.31040954589844,-3.770347833633423,-0.021763915196061134,7.598185150589465
2738651,0,193.31385803222656,-3.5791444778442383,-0.02176189422607422,7.666512481613323
2738652,0,193.3172607421875,-3.3862359523773193,-0.021759986877441406,7.734624612031558
2738653,0,193.32061767578125,-3.191628932952881,-0.021758079528808594,7.802449839795532
2738654,0,193.3239288330078,-2.995328903198242,-0.021755943074822426,7.870051903996288
2738655,0,193.32711791992188,-2.7977232933044434,-0.021744459867477417,7.907203974226618
2738656,0,193.33023071289062,-2.6001715660095215,-0.021701011806726456,7.903710485953145
2738657,0,193.33323669433594,-2.4027068614959717,-0.02164287492632866,7.900600905837658
2738658,0,193.3361358642578,-2.205322027206421,-0.021580161526799202,7.897485595850853
2738659,0,193.3389434814453,-2.008012294769287,-0.021518707275390625,7.894369821560475
2738660,0,193.34161376953125,-1.810775876045227,-0.021461257711052895,7.891255791407739
2738661,0,193.34423828125,-1.6136118173599243,-0.02140934020280838,7.888138874810084
2738662,0,193.3467559814453,-1.4165207147598267,-0.02136310562491417,7.884990973667282
2738663,0,193.34922790527344,-1.2195028066635132,-0.021322516724467278,7.881857746250853
2738664,0,193.35166931152344,-1.0225592851638794,-0.02128700166940689,7.878696238029843
2738665,0,193.35414123535156,-0.8256927132606506,-0.021256141364574432,7.875438737959436
2738666,0,193.3566131591797,-0.6289041638374329,-0.021229475736618042,7.8722177732836345
2738667,0,193.35919189453125,-0.4321926534175873,-0.021206703037023544,7.869080133500422
2738668,0,193.36192321777344,-0.23555782437324524,-0.02118709497153759,7.865984361995506
2738669,0,193.36480712890625,-0.03900020569562912,-0.021170157939195633,7.862898150900742
2738670,0,193.36782836914062,0.1574796587228775,-0.021155662834644318,7.859813576329377
2738671,0,193.3710174560547,0.3538811504840851,-0.02114330232143402,7.856709493892689
2738672,0,193.37432861328125,0.5502045750617981,-0.02113262191414833,7.853617446982994
2738673,0,193.3777618408203,0.7464495897293091,-0.021123617887496948,7.8505100000256824
2738674,0,193.3813018798828,0.9426159262657166,-0.021115722134709358,7.847395862487727
2738675,0,193.3849334716797,1.1387038230895996,-0.021109122782945633,7.844287345425009
2738676,0,193.388671875,1.3364148139953613,-0.021140899509191513,7.930949274843913
2738677,0,193.39254760742188,1.5363322496414185,-0.021201439201831818,8.017742261591817
2738678,0,193.39659118652344,1.7383586168289185,-0.02127181924879551,8.101001581289653
2738679,0,193.4008026123047,1.9424018859863281,-0.02134166657924652,8.181025506311904
2738680,0,193.40516662597656,2.148383378982544,-0.021405601873993874,8.258161854412995
2738681,0,193.40972900390625,2.3562347888946533,-0.021461524069309235,8.332704141465282
2738682,0,193.4144287109375,2.56589674949646,-0.021509017795324326,8.405036228516945
2738683,0,193.41932678222656,2.777320384979248,-0.021548384800553322,8.475407930586453
2738684,0,193.4243927001953,2.99045729637146,-0.021580200642347336,8.543899520865136
2738685,0,193.42958068847656,3.205268383026123,-0.021605605259537697,8.610791623862914
2738686,0,193.4348602294922,3.421719789505005,-0.02162555605173111,8.676322268241522
2738687,0,193.4401397705078,3.6397829055786133,-0.021640701219439507,8.74054042212374
2738688,0,193.44534301757812,3.8594164848327637,-0.021651877090334892,8.802971180022778
2738689,0,193.45040893554688,4.080591201782227,-0.021659430116415024,8.864358298140221
2738690,0,193.45529174804688,4.303288459777832,-0.021664390340447426,8.924933333069054
2738691,0,193.46002197265625,4.5274786949157715,-0.02166702225804329,8.984232205134598
2738692,0,193.464599609375,4.753121376037598,-0.02166748046875,9.041829735735613
2738693,0,193.46902465820312,4.98016881942749,-0.02166587859392166,9.097414868749208
2738694,0,193.47329711914062,5.208555221557617,-0.021661795675754547,9.150096216258312
2738695,0,193.4774627685547,5.4381866455078125,-0.02165473811328411,9.199059305286994
2738696,0,193.48150634765625,5.668993949890137,-0.02164493501186371,9.245449188099451
2738697,0,193.48545837402344,5.900911808013916,-0.02163291908800602,9.289201744580335
2738698,0,193.4893341064453,6.13387393951416,-0.021618956699967384,9.330344118954033
2738699,0,193.49310302734375,6.367815971374512,-0.02160358428955078,9.368830471630462
2738700,0,193.49679565429688,6.602657794952393,-0.021586379036307335,9.403910241928475
2738701,0,193.50038146972656,6.838311672210693,-0.021567458286881447,9.435575802009348
2738702,0,193.50390625,7.074700355529785,-0.021547049283981323,9.464232228189152
2738703,0,193.50735473632812,7.311752796173096,-0.021525535732507706,9.490029100307952
2738704,0,193.51068115234375,7.549388885498047,-0.02150287665426731,9.51246904661818
2738705,0,193.51394653320312,7.787510395050049,-0.021478882059454918,9.530806138563065
2738706,0,193.51705932617188,8.026002883911133,-0.021452903747558594,9.544440241296586
2738707,0,193.5200958251953,8.264735221862793,-0.021424675360322,9.552682952327634
2738708,0,193.52301025390625,8.503581047058105,-0.021394234150648117,9.556015579707632
2738709,0,193.5257110595703,8.742430686950684,-0.021361999213695526,9.555215828280913
2738710,0,193.52828979492188,8.981185913085938,-0.021328315138816833,9.550383897350747
2738711,0,193.5307159423828,9.219757080078125,-0.02129424922168255,9.542225391237437
2738712,0,193.53294372558594,9.458086013793945,-0.021260643377900124,9.532068381970054
2738713,0,193.53497314453125,9.696157455444336,-0.021228522062301636,9.521581573155931
2738714,0,193.53683471679688,9.933968544006348,-0.02119930274784565,9.511013430607472
2738715,0,193.53846740722656,10.171517372131348,-0.021172866225242615,9.50032800961238
2738716,0,193.5399169921875,10.408798217773438,-0.021149596199393272,9.489336112901684
2738717,0,193.5411834716797,10.645788192749023,-0.02112857811152935,9.477388619322168
2738718,0,193.542236328125,10.882469177246094,-0.021109504625201225,9.464680145109625
2738719,0,193.54307556152344,11.118819236755371,-0.02109222300350666,9.451154179793972
2738720,0,193.54368591308594,11.354812622070312,-0.02107623964548111,9.436547983464367
2738721,0,193.54408264160156,11.59041690826416,-0.021061057224869728,9.42058912265148
2738722,0,193.5442352294922,11.825605392456055,-0.021046675741672516,9.403650623056235
2738723,0,193.54417419433594,12.06033992767334,-0.02103279158473015,9.385136701149719
2738724,0,193.5438995361328,12.294594764709473,-0.021019287407398224,9.36562873753205
2738725,0,193.5434112548828,12.52834701538086,-0.021006278693675995,9.345446068789153
2738726,0,193.542724609375,12.761592864990234,-0.020994223654270172,9.325156247423728
2738727,0,193.5418701171875,12.994335174560547,-0.020983390510082245,9.305146227105565
2738728,0,193.54087829589844,13.226588249206543,-0.02097419649362564,9.285697255139718
2738729,0,193.53976440429688,13.458367347717285,-0.020966606214642525,9.266884196658161
2738730,0,193.53854370117188,13.689695358276367,-0.02096073143184185,9.248973622000065
2738731,0,193.5373077392578,13.920589447021484,-0.02095649763941765,9.231644674782354
2738732,0,193.5359649658203,14.151041984558105,-0.020953139290213585,9.213857731660283
2738733,0,193.53466796875,14.381038665771484,-0.020950164645910263,9.195574270712656
2738734,0,193.5333709716797,14.610589027404785,-0.020947761833667755,9.177954647993573
2738735,0,193.5321044921875,14.839726448059082,-0.020946426317095757,9.161670080396819
2738736,0,193.53089904785156,15.068472862243652,-0.020946310833096504,9.146135297786824
2738737,0,193.5296630859375,15.296839714050293,-0.020947035402059555,9.130995747632056
2738738,0,193.52845764160156,15.524828910827637,-0.02094798907637596,9.115848143533933
2738739,0,193.52720642089844,15.752426147460938,-0.020948942750692368,9.10003522624859
2738740,0,193.52589416503906,15.979622840881348,-0.020949669182300568,9.08404366819489
2738741,0,193.52444458007812,16.20642852783203,-0.020950201898813248,9.068663629444654
2738742,0,193.5228271484375,16.432878494262695,-0.020951729267835617,9.054821863446326
2738743,0,193.5209503173828,16.659021377563477,-0.020954474806785583,9.043115715528465
2738744,0,193.5187530517578,16.88490867614746,-0.020958900451660156,9.03333817998221
2738745,0,193.51617431640625,17.110576629638672,-0.020964812487363815,9.025202723728873
2738746,0,193.51327514648438,17.33606719970703,-0.020971907302737236,9.01857343414607
2738747,0,193.51007080078125,17.56142234802246,-0.020980186760425568,9.013690284141102
2738748,0,193.506591796875,17.786680221557617,-0.020989341661334038,9.010244328445557
2738749,0,193.50286865234375,18.01186180114746,-0.020998992025852203,9.007561382251836
2738750,0,193.49891662597656,18.236976623535156,-0.021008415147662163,9.00508415043637
2738751,0,193.4948272705078,18.462055206298828,-0.021018028259277344,9.00427090804766
2738752,0,193.49066162109375,18.687150955200195,-0.0210280604660511,9.005462374194904
2738753,0,193.48655700683594,18.912315368652344,-0.02103889361023903,9.008680619494717
2738754,0,193.48245239257812,19.137598037719727,-0.02105068229138851,9.013809610156038
2738755,0,193.47840881347656,19.3630428314209,-0.021063080057501793,9.02057211494896
2738756,0,193.4744415283203,19.58868408203125,-0.021075934171676636,9.028745005341639
2738757,0,193.47056579589844,19.81455421447754,-0.02108890563249588,9.038145029971307
2738758,0,193.4667510986328,20.04068374633789,-0.021101798862218857,9.048712262059603
2738759,0,193.46304321289062,20.267093658447266,-0.021114539355039597,9.060057596826839
2738760,0,193.45944213867188,20.493799209594727,-0.021126747131347656,9.071870770949202
2738761,0,193.4560089111328,20.720806121826172,-0.021137885749340057,9.083927245388386
2738762,0,193.4527130126953,20.948116302490234,-0.021148376166820526,9.09622925131223
2738763,0,193.4495849609375,21.17574691772461,-0.021157797425985336,9.108896103016072
2738764,0,193.4466094970703,21.403703689575195,-0.021166495978832245,9.12197772723041
2738765,0,193.44381713867188,21.631986618041992,-0.02117435447871685,9.13504307840734
2738766,0,193.4412078857422,21.860597610473633,-0.02118118293583393,9.148051262941918
2738767,0,193.43875122070312,22.08952522277832,-0.021187134087085724,9.160645495271915
2738768,0,193.4364013671875,22.318763732910156,-0.02119186334311962,9.172847898415128
2738769,0,193.43417358398438,22.548290252685547,-0.021195335313677788,9.184029682660281
2738770,0,193.43206787109375,22.77806854248047,-0.021197127178311348,9.193724622582124
2738771,0,193.4300079345703,23.008060455322266,-0.021197432652115822,9.202229835988897
2738772,0,193.42800903320312,23.23824691772461,-0.02119624987244606,9.20966666843267
2738773,0,193.42599487304688,23.468597412109375,-0.021193886175751686,9.215951787414543
2738774,0,193.42393493652344,23.699079513549805,-0.021190185099840164,9.221007443317161
2738775,0,193.42173767089844,23.92966651916504,-0.021185683086514473,9.224987131286776
2738776,0,193.4193115234375,24.160329818725586,-0.021180229261517525,9.227703979564858
2738777,0,193.41659545898438,24.391036987304688,-0.02117408625781536,9.229538555909647
2738778,0,193.4136505126953,24.621774673461914,-0.021167486906051636,9.230632880455381
2738779,0,193.41046142578125,24.85252571105957,-0.021160811185836792,9.23131209691159
2738780,0,193.40708923339844,25.083288192749023,-0.02115432731807232,9.231752539243521
2738781,0,193.4035186767578,25.31404685974121,-0.02114795707166195,9.231689632067646
2738782,0,193.3998260498047,25.544818878173828,-0.021142464131116867,9.2324222212067
2738783,0,193.39610290527344,25.775625228881836,-0.021137962117791176,9.23393486730996
2738784,0,193.39247131347656,26.006473541259766,-0.0211347583681345,9.235690754142613
2738785,0,193.38897705078125,26.237369537353516,-0.02113189734518528,9.2374492484639
2738786,0,193.38563537597656,26.468326568603516,-0.021130293607711792,9.239955928432941
2738787,0,193.3824920654297,26.699357986450195,-0.021129263564944267,9.242768911726257
2738788,0,193.37954711914062,26.93046760559082,-0.02112884446978569,9.245822973213425
2738789,0,193.3767852783203,27.16165542602539,-0.021128768101334572,9.24902230707792
2738790,0,193.3741912841797,27.392927169799805,-0.021129073575139046,9.252271968708136
2738791,0,193.3717498779297,27.624279022216797,-0.021129263564944267,9.255296403741564
2738792,0,193.3694610595703,27.85569953918457,-0.02112937904894352,9.257881639022367
2738793,0,193.3673553466797,28.08717918395996,-0.021129149943590164,9.260141827600474
2738794,0,193.36538696289062,28.31871223449707,-0.021128462627530098,9.262074277238767
2738795,0,193.36355590820312,28.55029296875,-0.02112766169011593,9.263861190958242
2738796,0,193.36187744140625,28.78190803527832,-0.021126555278897285,9.264967548737909
2738797,0,193.36032104492188,29.013519287109375,-0.021124647930264473,9.264598063824513
2738798,0,193.35888671875,29.245092391967773,-0.021121444180607796,9.262688159243517
2738799,0,193.35755920410156,29.47660255432129,-0.021117324009537697,9.25985562546166
2738800,0,193.3563232421875,29.7080020904541,-0.021111946552991867,9.254768719348654
2738801,0,193.35513305664062,29.9392147064209,-0.02110469713807106,9.246614151509284
2738802,0,193.35394287109375,30.170177459716797,-0.02109546586871147,9.236272327726583
2738803,0,193.35275268554688,30.40086555480957,-0.021085204556584358,9.22522104420502
2738804,0,193.35150146484375,30.63127326965332,-0.021074866876006126,9.21384777021121
2738805,0,193.3501739501953,30.861391067504883,-0.021064911037683487,9.202222565412903
2738806,0,193.34864807128906,31.091209411621094,-0.02105552703142166,9.190176369922302
2738807,0,193.346923828125,31.320707321166992,-0.02104644663631916,9.176980891055832
2738808,0,193.3449249267578,31.54983901977539,-0.021037215366959572,9.162098814626141
2738809,0,193.34259033203125,31.77859115600586,-0.0210280604660511,9.146999420952303
2738810,0,193.33993530273438,32.006954193115234,-0.021019477397203445,9.131684667549477
2738811,0,193.33694458007812,32.23496627807617,-0.02101215347647667,9.118062398831222
2738812,0,193.33363342285156,32.46265411376953,-0.02100685052573681,9.105715710217455
2738813,0,193.33001708984375,32.69005584716797,-0.021003417670726776,9.09430750272348
2738814,0,193.3261260986328,32.91717529296875,-0.021001281216740608,9.083547757833966
2738815,0,193.32205200195312,33.144065856933594,-0.021001167595386505,9.075274310157175
2738816,0,193.3178253173828,33.370811462402344,-0.021003760397434235,9.070067821554115
2738817,0,193.3134765625,33.597469329833984,-0.021008910611271858,9.067396380478701
2738818,0,193.3089599609375,33.8240966796875,-0.021016273647546768,9.06649778935852
2738819,0,193.3043975830078,34.050724029541016,-0.021024970337748528,9.06686819187189
2738820,0,193.29977416992188,34.27738571166992,-0.02103450708091259,9.068466719029201
2738821,0,193.29513549804688,34.50410461425781,-0.021044578403234482,9.071184790998618
2738822,0,193.29052734375,34.73090362548828,-0.021054649725556374,9.073965682630545
2738823,0,193.28599548339844,34.95774841308594,-0.021063536405563354,9.075734347071363
2738824,0,193.28160095214844,35.18463134765625,-0.021071242168545723,9.077114614924426
2738825,0,193.2774200439453,35.41156005859375,-0.021077841520309448,9.079168101341416
2738826,0,193.27340698242188,35.638572692871094,-0.021084364503622055,9.082572211249976
2738827,0,193.26956176757812,35.865692138671875,-0.0210910402238369,9.08711880370546
2738828,0,193.265869140625,36.09295654296875,-0.021097945049405098,9.092933772992144
2738829,0,193.26234436035156,36.32038497924805,-0.021105460822582245,9.099786668787292
2738830,0,193.25892639160156,36.547996520996094,-0.02111286111176014,9.106940281736215
2738831,0,193.25564575195312,36.77577590942383,-0.02111976593732834,9.113521894022332
2738832,0,193.25247192382812,37.00369644165039,-0.021125297993421555,9.11877629570558
2738833,0,193.2494354248047,37.23172378540039,-0.021128883585333824,9.122529874312386
2738834,0,193.24647521972656,37.459815979003906,-0.021130714565515518,9.124942231486044
2738835,0,193.2435760498047,37.687923431396484,-0.021130293607711792,9.124956831799576
2738836,0,193.24075317382812,37.9160041809082,-0.021127929911017418,9.123488110298345
2738837,0,193.2379608154297,38.14403533935547,-0.02112426795065403,9.121788348373162
2738838,0,193.23513793945312,38.37203598022461,-0.02112041413784027,9.120722281868979
2738839,0,193.2322235107422,38.60000991821289,-0.021116789430379868,9.11952130073521
2738840,0,193.2292022705078,38.82795715332031,-0.021113509312272072,9.118397301613577
2738841,0,193.2259979248047,39.055877685546875,-0.02111080102622509,9.117823128564943
2738842,0,193.22262573242188,39.28379821777344,-0.02110881730914116,9.117844874367155
2738843,0,193.2191162109375,39.51171875,-0.021107597276568413,9.118153757489196
2738844,0,193.21543884277344,39.73965072631836,-0.02110675722360611,9.118531392686142
2738845,0,193.2116241455078,39.96758270263672,-0.021106185391545296,9.118744089612038
2738846,0,193.2077178955078,40.19552993774414,-0.021105919033288956,9.119166266578844
2738847,0,193.20376586914062,40.42348861694336,-0.021105919033288956,9.12015369917803
2738848,0,193.19979858398438,40.651493072509766,-0.02110668085515499,9.121983773550719
2738849,0,193.1958770751953,40.879554748535156,-0.021107902750372887,9.12430777798778
2738850,0,193.19200134277344,41.107688903808594,-0.021109847351908684,9.127507736542533
2738851,0,193.18820190429688,41.33592224121094,-0.0211125947535038,9.131764398347167
2738852,0,193.18443298339844,41.56428527832031,-0.021116064861416817,9.137077119840358
2738853,0,193.1807403564453,41.792808532714844,-0.021120376884937286,9.14348190434883
2738854,0,193.1771240234375,42.021507263183594,-0.02112552523612976,9.150988283544486
2738855,0,193.17356872558594,42.25041961669922,-0.021131247282028198,9.159435618273807
2738856,0,193.17013549804688,42.479549407958984,-0.021137427538633347,9.168552078106442
2738857,0,193.1667938232422,42.70893096923828,-0.021143684163689613,9.178355860165395
2738858,0,193.16357421875,42.93856430053711,-0.021149978041648865,9.18850831247545
2738859,0,193.16050720214844,43.16844940185547,-0.021155890077352524,9.198566888136382
2738860,0,193.15760803222656,43.39857864379883,-0.0211611557751894,9.207924302663512
2738861,0,193.1549530029297,43.62893295288086,-0.0211652759462595,9.216956629065223
2738862,0,193.15248107910156,43.85951232910156,-0.021168479695916176,9.225301492173509
2738863,0,193.15025329589844,44.09027099609375,-0.02117038704454899,9.232568922430469
