ts,agent_id,throttle,steer,brake
5123719,0,0.8999999761581421,-0.019040286540985107,0.0
5123720,0,0.8999999761581421,-0.004567781463265419,0.0
5123721,0,0.8999999761581421,-0.010045061819255352,0.0
5123722,0,0.8999999761581421,-0.006764132529497147,0.0
5123723,0,0.8999999761581421,-0.004699372220784426,0.0
5123724,0,0.8999999761581421,-0.0036708659026771784,0.0
5123725,0,0.8999999761581421,-0.011586078442633152,0.0
5123726,0,0.8999999761581421,-0.006537863053381443,0.0
5123727,0,0.8999999761581421,-0.0004962625098414719,0.0
5123728,0,0.8999999761581421,-0.0012381511041894555,0.0
5123729,0,0.8999999761581421,-0.0010839998722076416,0.0
5123730,0,0.8999999761581421,-0.00218882760964334,0.0
5123731,0,0.8999999761581421,-0.001046094810590148,0.0
5123732,0,0.8999999761581421,-0.002284713089466095,0.0
5123733,0,0.8999999761581421,-0.0023903311230242252,0.0
5123734,0,0.8999999761581421,-0.00084793841233477,0.0
5123735,0,0.8999999761581421,-0.0036300811916589737,0.0
5123736,0,0.8999999761581421,-0.003319699550047517,0.0
5123737,0,0.8999999761581421,-0.004239289555698633,0.0
5123738,0,0.8999999761581421,-0.0012130638351663947,0.0
5123739,0,0.8999999761581421,-0.0008878990192897618,0.0
5123740,0,0.8999999761581421,-0.0015579183818772435,0.0
5123741,0,0.8999999761581421,-0.001705977483652532,0.0
5123742,0,0.8999999761581421,-0.0003155051381327212,0.0
5123743,0,0.8999999761581421,-0.002298386301845312,0.0
5123744,0,0.8999999761581421,-0.0023493487387895584,0.0
5123745,0,0.8999999761581421,-0.002087825443595648,0.0
5123746,0,0.8999999761581421,-0.00210961583070457,0.0
5123747,0,0.8999999761581421,-0.0013923312071710825,0.0
5123748,0,0.8999999761581421,-0.0019431792898103595,0.0
5123749,0,0.8999999761581421,-0.002517546061426401,0.0
5123750,0,0.8999999761581421,-0.0009266817360185087,0.0
5123751,0,0.8999999761581421,-0.0031488914974033833,0.0
5123752,0,0.8999999761581421,-0.0019801000598818064,0.0
5123753,0,0.8999999761581421,-0.0006594635196961462,0.0
5123754,0,0.8999999761581421,-0.0015374507056549191,0.0
5123755,0,0.8999999761581421,-0.0009279749938286841,0.0
5123756,0,0.8999999761581421,-0.0016170433955267072,0.0
5123757,0,0.8999999761581421,-0.0009436484542675316,0.0
5123758,0,0.8999999761581421,-0.0008484062855131924,0.0
5123759,0,0.8999999761581421,-0.0023508500307798386,0.0
5123760,0,0.8999999761581421,-0.004515537526458502,0.0
5123761,0,0.8999999761581421,-0.0017408288549631834,0.0
5123762,0,0.8999999761581421,-0.0032650793436914682,0.0
5123763,0,0.8999999761581421,-0.002419763943180442,0.0
5123764,0,0.8999999761581421,-0.0008129035122692585,0.0
5123765,0,0.8999999761581421,-0.0019273200305178761,0.0
5123766,0,0.8999999761581421,-0.0007319757132790983,0.0
5123767,0,0.8999999761581421,-0.0017910790629684925,0.0
5123768,0,0.8999999761581421,-0.0016541479853913188,0.0
5123769,0,0.8999999761581421,-0.0007709291530773044,0.0
5123770,0,0.8999999761581421,-0.001520683290436864,0.0
5123771,0,0.8999999761581421,0.0004425706574693322,0.0
5123772,0,0.8999999761581421,-0.001403226749971509,0.0
5123773,0,0.8999999761581421,-0.0009305293206125498,0.0
5123774,0,0.8999999761581421,-0.0010735036339610815,0.0
5123775,0,0.8999999761581421,-0.0015206291573122144,0.0
5123776,0,0.8999999761581421,-0.0009227443370036781,0.0
5123777,0,0.8999999761581421,-0.0015371653717011213,0.0
5123778,0,0.8999999761581421,-0.0014882811810821295,0.0
5123779,0,0.8999999761581421,-0.0005913221975788474,0.0
5123780,0,0.8999999761581421,-0.0025484617799520493,0.0
5123781,0,0.8999999761581421,-0.0016229781322181225,0.0
5123782,0,0.8999999761581421,-0.002217482076957822,0.0
5123783,0,0.8999999761581421,-0.0017240294255316257,0.0
5123784,0,0.8999999761581421,-0.002186195459216833,0.0
5123785,0,0.8999999761581421,-0.001981614390388131,0.0
5123786,0,0.8999999761581421,-0.0017433075699955225,0.0
5123787,0,0.8999999761581421,-0.0002835894702002406,0.0
5123788,0,0.8999999761581421,-0.0011490114266052842,0.0
5123789,0,0.8999999761581421,-0.0018839269177988172,0.0
5123790,0,0.8999999761581421,3.573042340576649e-05,0.0
5123791,0,0.8999999761581421,-7.678840484004468e-05,0.0
5123792,0,0.8999999761581421,0.0008547853794880211,0.0
5123793,0,0.8999999761581421,0.0001797165023162961,0.0
5123794,0,0.8999999761581421,-0.0010126453125849366,0.0
5123795,0,0.8999999761581421,-0.00032588824979029596,0.0
5123796,0,0.8999999761581421,-0.001177807804197073,0.0
5123797,0,0.8999999761581421,-0.0026071586180478334,0.0
5123798,0,0.8999999761581421,-0.0006356174126267433,0.0
5123799,0,0.8999999761581421,-0.001829964225180447,0.0
5123800,0,0.8999999761581421,-0.0003776240919250995,0.0
5123801,0,0.8999999761581421,-0.002543236594647169,0.0
5123802,0,0.8999999761581421,-0.002975687151774764,0.0
5123803,0,0.8999999761581421,-0.0014779404737055302,0.0
5123804,0,0.8999999761581421,-0.0018271965673193336,0.0
5123805,0,0.8999999761581421,-0.0027189417742192745,0.0
5123806,0,0.8999999761581421,-0.000231117955991067,0.0
5123807,0,0.8999999761581421,-0.001640628557652235,0.0
5123808,0,0.8999999761581421,0.00040436710696667433,0.0
5123809,0,0.8999999761581421,0.00043815947719849646,0.0
5123810,0,0.8999999761581421,-0.0009550696122460067,0.0
5123811,0,0.8999999761581421,0.0006458854768425226,0.0
5123812,0,0.8999999761581421,-0.0007479669293388724,0.0
5123813,0,0.8999999761581421,-0.0005579894641414285,0.0
5123814,0,0.8999999761581421,-7.369347440544516e-05,0.0
5123815,0,0.8999999761581421,-0.0015655177412554622,0.0
5123816,0,0.8999999761581421,-0.0009224241366609931,0.0
5123817,0,0.8999999761581421,-0.00159548525698483,0.0
5123818,0,0.8999999761581421,-0.0012721967650577426,0.0
5123819,0,0.8999999761581421,0.0003696754574775696,0.0
5123820,0,0.8999999761581421,0.000555739738047123,0.0
5123821,0,0.8999999761581421,-0.0016392809338867664,0.0
5123822,0,0.8999999761581421,0.0005823931423947215,0.0
5123823,0,0.8999999761581421,-0.0003346892190165818,0.0
5123824,0,0.8999999761581421,0.001197722041979432,0.0
5123825,0,0.8999999761581421,0.001593919936567545,0.0
5123826,0,0.8999999761581421,0.0006343353306874633,0.0
5123827,0,0.8999999761581421,0.0009330223547294736,0.0
5123828,0,0.8999999761581421,0.0001416965387761593,0.0
5123829,0,0.8999999761581421,0.0006521009490825236,0.0
5123830,0,0.8999999761581421,0.00011330714187351987,0.0
5123831,0,0.8999999761581421,-0.0004277463012840599,0.0
5123832,0,0.8999999761581421,-0.0002582836023066193,0.0
5123833,0,0.8999999761581421,1.0601004305499373e-06,0.0
5123834,0,0.8999999761581421,-0.0005612679524347186,0.0
5123835,0,0.8999999761581421,0.0008920340915210545,0.0
5123836,0,0.8999999761581421,-0.0006850266945548356,0.0
5123837,0,0.8999999761581421,-0.00016157381469383836,0.0
5123838,0,0.8999999761581421,0.0004754395049531013,0.0
5123839,0,0.8999999761581421,-0.00014032481703907251,0.0
5123840,0,0.8999999761581421,-0.0009889004286378622,0.0
5123841,0,0.8999999761581421,-0.001188164111226797,0.0
5123842,0,0.8999999761581421,-8.062754204729572e-05,0.0
5123843,0,0.8999999761581421,-0.001031125197187066,0.0
5123844,0,0.8999999761581421,-0.0015460459981113672,0.0
5123845,0,0.8999999761581421,-0.002291380427777767,0.0
5123846,0,0.8999999761581421,-0.004046393092721701,0.0
5123847,0,0.8999999761581421,-0.0027107896748930216,0.0
5123848,0,0.8999999761581421,-0.002431407803669572,0.0
5123849,0,0.8999999761581421,-0.003297733375802636,0.0
5123850,0,0.8999999761581421,-0.0023579392582178116,0.0
5123851,0,0.8999999761581421,-0.002791864098981023,0.0
5123852,0,0.8999999761581421,-0.0032521674875169992,0.0
5123853,0,0.8999999761581421,-0.0017662784084677696,0.0
5123854,0,0.8999999761581421,0.0002530143829062581,0.0
5123855,0,0.8999999761581421,0.0002347521804040298,0.0
5123856,0,0.8999999761581421,-0.0016790212830528617,0.0
5123857,0,0.8999999761581421,-0.0009443220333196223,0.0
5123858,0,0.8999999761581421,0.00024407253658864647,0.0
5123859,0,0.8999999761581421,0.0008841566159389913,0.0
5123860,0,0.8999999761581421,0.0008041707915253937,0.0
5123861,0,0.8999999761581421,0.0021967424545437098,0.0
5123862,0,0.8999999761581421,0.0030006926972419024,0.0
5123863,0,0.8999999761581421,0.0034187615383416414,0.0
5123864,0,0.8999999761581421,0.002121073892340064,0.0
5123865,0,0.8999999761581421,0.0019533359445631504,0.0
5123866,0,0.8999999761581421,0.002894272794947028,0.0
5123867,0,0.8999999761581421,0.003125636838376522,0.0
5123868,0,0.8999999761581421,0.0008850530721247196,0.0
5123869,0,0.8999999761581421,-0.0010770439403131604,0.0
5123870,0,0.8999999761581421,-0.02455301769077778,0.0
5123871,0,0.8999999761581421,-0.008051243610680103,0.0
5123872,0,0.8999999761581421,-0.006278349552303553,0.0
5123873,0,0.8999999761581421,-0.0008331721182912588,0.0
5123874,0,0.8999999761581421,-0.002733168425038457,0.0
5123875,0,0.8385971784591675,-0.008596815168857574,0.0
5123876,0,0.8999999761581421,0.003077493980526924,0.0
5123877,0,0.770869255065918,0.0027648108080029488,0.0
5123878,0,0.8999999761581421,0.0003151434939354658,0.0
5123879,0,0.8999999761581421,-0.0008229325176216662,0.0
5123880,0,0.8999999761581421,0.0024681102950125933,0.0
5123881,0,0.8999999761581421,0.0025590385776013136,0.0
5123882,0,0.8999999761581421,0.003310050582513213,0.0
5123883,0,0.8999999761581421,0.005366799887269735,0.0
5123884,0,0.8999999761581421,0.0038382974453270435,0.0
5123885,0,0.8999999761581421,0.003460052888840437,0.0
5123886,0,0.8999999761581421,0.0038120609242469072,0.0
5123887,0,0.8999999761581421,0.0022042258642613888,0.0
5123888,0,0.8999999761581421,0.0025394714903086424,0.0
5123889,0,0.8999999761581421,0.001850671018473804,0.0
5123890,0,0.8999999761581421,0.0006361922714859247,0.0
5123891,0,0.8999999761581421,0.0012150522088631988,0.0
5123892,0,0.8999999761581421,-3.753331475309096e-05,0.0
5123893,0,0.8999999761581421,0.001840053009800613,0.0
5123894,0,0.8999999761581421,0.001773302094079554,0.0
5123895,0,0.8999999761581421,0.0010410674149170518,0.0
5123896,0,0.8999999761581421,0.0018588018137961626,0.0
5123897,0,0.8999999761581421,0.0010761062148958445,0.0
5123898,0,0.8999999761581421,0.0014448155416175723,0.0
5123899,0,0.8999999761581421,0.002689957618713379,0.0
5123900,0,0.8999999761581421,0.0023827925324440002,0.0
5123901,0,0.8999999761581421,0.003841473488137126,0.0
5123902,0,0.8999999761581421,0.002917311852797866,0.0
5123903,0,0.8999999761581421,0.005655243061482906,0.0
5123904,0,0.8999999761581421,0.006335136946290731,0.0
5123905,0,0.8999999761581421,0.004041727632284164,0.0
5123906,0,0.8999999761581421,0.006469798274338245,0.0
5123907,0,0.8999999761581421,0.01068880595266819,0.0
5123908,0,0.894951343536377,0.014969109557569027,0.0
5123909,0,0.4479438364505768,0.005368128884583712,0.0
5123910,0,0.0,0.012531789019703865,1.0
5123911,0,0.6640563607215881,0.0012998661259189248,0.0
5123912,0,0.7827455401420593,0.00036291356082074344,0.0
5123913,0,0.42943650484085083,0.004302734509110451,0.0
5123914,0,0.6427948474884033,0.0003444222384132445,0.0
5123915,0,0.5520105957984924,0.0012652939185500145,0.0
5123916,0,0.5017873644828796,-0.0005643756594508886,0.0
5123917,0,0.436100572347641,-0.0012081082677468657,0.0
5123918,0,0.3747481405735016,-0.0008500327239744365,0.0
5123919,0,0.37059128284454346,-0.0010768077336251736,0.0
5123920,0,0.35825613141059875,-0.002375972457230091,0.0
5123921,0,0.40171146392822266,-0.005121766589581966,0.0
5123922,0,0.43203282356262207,-0.0032402973156422377,0.0
5123923,0,0.3722025752067566,-0.007007842417806387,0.0
5123924,0,0.4426632821559906,-0.004746931605041027,0.0
5123925,0,0.4365735352039337,-0.006718676537275314,0.0
5123926,0,0.39930662512779236,-0.005444894544780254,0.0
5123927,0,0.4278414845466614,-0.0028270750772207975,0.0
5123928,0,0.41154247522354126,-0.00505776097998023,0.0
5123929,0,0.4528469741344452,-0.006420002318918705,0.0
5123930,0,0.43173620104789734,-0.006385476794093847,0.0
5123931,0,0.38965409994125366,-0.003954929765313864,0.0
5123932,0,0.4180494546890259,-0.004277882631868124,0.0
5123933,0,0.4184155762195587,-0.0010597493965178728,0.0
5123934,0,0.35464638471603394,-0.0018637679750099778,0.0
5123935,0,0.3991737961769104,-0.0022342915181070566,0.0
5123936,0,0.4189877510070801,-0.0031918485183268785,0.0
5123937,0,0.36978667974472046,-0.00407868018373847,0.0
5123938,0,0.3710307478904724,-0.004785445518791676,0.0
5123939,0,0.25227347016334534,-1.807865919545293e-05,0.0
5123940,0,0.3779039680957794,-0.0019922894425690174,0.0
5123941,0,0.3255145847797394,-0.00021620679763145745,0.0
5123942,0,0.38958287239074707,-0.004063983913511038,0.0
5123943,0,0.3621577024459839,-0.001582845114171505,0.0
5123944,0,0.11022495478391647,-0.00517824525013566,0.0
5123945,0,0.3831786811351776,-0.005983511917293072,0.0
5123946,0,0.34657278656959534,-0.004003096837550402,0.0
5123947,0,0.4308677911758423,-0.004973387811332941,0.0
5123948,0,0.4566161334514618,-0.0026959069073200226,0.0
5123949,0,0.4983130991458893,-0.0016655103536322713,0.0
5123950,0,0.5386428833007812,-0.0027475375682115555,0.0
5123951,0,0.40748047828674316,-0.0016545606777071953,0.0
5123952,0,0.5941158533096313,-0.0009721763781271875,0.0
5123953,0,0.5969133377075195,-0.0010421616025269032,0.0
5123954,0,0.675287663936615,-0.000515057472512126,0.0
5123955,0,0.6740530729293823,-0.0018999509047716856,0.0
5123956,0,0.6622618436813354,-0.0005901155527681112,0.0
5123957,0,0.6479940414428711,-0.0003457441634964198,0.0
5123958,0,0.6335500478744507,-0.00013575285265687853,0.0
5123959,0,0.6932379603385925,0.0003923772892449051,0.0
5123960,0,0.7057889103889465,-0.00012236283509992063,0.0
5123961,0,0.7082152366638184,0.0005615425761789083,0.0
5123962,0,0.7345690727233887,-1.829067878134083e-05,0.0
5123963,0,0.7510598301887512,0.0021011128555983305,0.0
5123964,0,0.7256158590316772,0.0008117594406940043,0.0
5123965,0,0.8023509979248047,0.0017104572616517544,0.0
5123966,0,0.7834509611129761,0.0029542376287281513,0.0
5123967,0,0.749752938747406,0.0017428778810426593,0.0
5123968,0,0.7450244426727295,0.0009721294627524912,0.0
5123969,0,0.7687721252441406,0.001858699368312955,0.0
5123970,0,0.7443751096725464,8.791164873400703e-05,0.0
5123971,0,0.7784095406532288,0.003972890321165323,0.0
5123972,0,0.7412763833999634,0.003165564965456724,0.0
5123973,0,0.619933545589447,0.0042920964770019054,0.0
5123974,0,0.6867007613182068,0.0036219896283000708,0.0
5123975,0,0.6877292394638062,0.0040024952031672,0.0
5123976,0,0.7024334073066711,0.002808659104630351,0.0
5123977,0,0.6295722723007202,0.0023309229873120785,0.0
5123978,0,0.662634015083313,0.0029696638230234385,0.0
5123979,0,0.7278598546981812,0.001594324130564928,0.0
5123980,0,0.7354185581207275,0.0022154501639306545,0.0
5123981,0,0.7092589139938354,0.0023261362221091986,0.0
5123982,0,0.7048004865646362,0.0010970777366310358,0.0
5123983,0,0.6928597688674927,0.002476245164871216,0.0
5123984,0,0.6644677519798279,0.0015935940900817513,0.0
5123985,0,0.6458881497383118,0.001953468192368746,0.0
5123986,0,0.6032295227050781,0.0007188788149505854,0.0
5123987,0,0.6000950336456299,-0.0007002181955613196,0.0
5123988,0,0.6011695861816406,-0.0006718045915476978,0.0
5123989,0,0.6043977737426758,-0.0009210154530592263,0.0
5123990,0,0.5308554172515869,-0.0014106461312621832,0.0
5123991,0,0.30936577916145325,-0.0015827028546482325,0.0
5123992,0,0.2256348431110382,4.0066173824016005e-05,0.0
5123993,0,0.29778364300727844,0.0010035937884822488,0.0
5123994,0,0.2835674285888672,-2.8380860385368578e-05,0.0
5123995,0,0.4866836369037628,-0.0016874992288649082,0.0
5123996,0,0.432609885931015,-0.0006967020453885198,0.0
5123997,0,0.3555648624897003,5.526618770090863e-05,0.0
5123998,0,0.4088148772716522,-0.0002766525431070477,0.0
5123999,0,0.43522828817367554,0.0008721241028979421,0.0
5124000,0,0.32875317335128784,-0.00012425679597072303,0.0
5124001,0,0.4431726932525635,-6.383950676536188e-05,0.0
5124002,0,0.31383487582206726,0.0012662900844588876,0.0
5124003,0,0.33096760511398315,-0.002530639059841633,0.0
5124004,0,0.2421044409275055,-0.004826229996979237,0.0
5124005,0,0.37412211298942566,0.0037282060366123915,0.0
5124006,0,0.41268372535705566,-0.00104483962059021,0.0
5124007,0,0.37193411588668823,-0.00010941820801235735,0.0
5124008,0,0.3652454614639282,-5.706623414880596e-05,0.0
5124009,0,0.42606136202812195,-0.0007243714644573629,0.0
5124010,0,0.4387046694755554,-0.0007545367116108537,0.0
5124011,0,0.36984968185424805,-0.0010470025008544326,0.0
5124012,0,0.4822770059108734,-0.00176538759842515,0.0
5124013,0,0.22611330449581146,-0.0009114190470427275,0.0
5124014,0,0.4684999883174896,9.288772707805037e-05,0.0
5124015,0,0.35681724548339844,0.00020955588843207806,0.0
5124016,0,0.41183626651763916,0.0003103082999587059,0.0
5124017,0,0.4611569046974182,7.630317122675478e-05,0.0
5124018,0,0.467765748500824,-0.000815019418951124,0.0
5124019,0,0.49990466237068176,-0.0017558864783495665,0.0
5124020,0,0.4760917127132416,-0.0028801157604902983,0.0
5124021,0,0.4445732533931732,-0.0025035603903234005,0.0
5124022,0,0.45282769203186035,-0.0019875920843333006,0.0
5124023,0,0.47436562180519104,-0.001069809659384191,0.0
5124024,0,0.4863572120666504,-0.00013565609697252512,0.0
5124025,0,0.44924578070640564,0.0007980194059200585,0.0
5124026,0,0.5284018516540527,0.0003284182748757303,0.0
5124027,0,0.5127221941947937,-0.0004960823571309447,0.0
5124028,0,0.5195682048797607,-0.00021156368893571198,0.0
5124029,0,0.4918444752693176,-0.00032319885212928057,0.0
5124030,0,0.4542502164840698,-0.0011267350055277348,0.0
5124031,0,0.27099454402923584,-0.0005314755253493786,0.0
5124032,0,0.41387882828712463,-0.0012688044225797057,0.0
5124033,0,0.5754832029342651,-0.00012104518100386485,0.0
5124034,0,0.42582517862319946,-0.001273030531592667,0.0
5124035,0,0.3428717851638794,-0.0013961916556581855,0.0
5124036,0,0.11075378209352493,-0.000262411602307111,0.0
5124037,0,0.43791842460632324,0.0005154458922334015,0.0
5124038,0,0.33493611216545105,0.000985251972451806,0.0
5124039,0,0.4916233420372009,0.000753015570808202,0.0
5124040,0,0.539962887763977,0.0010651381453499198,0.0
5124041,0,0.5018110275268555,0.0009173740982078016,0.0
5124042,0,0.5306889414787292,0.0020488533191382885,0.0
5124043,0,0.5613211989402771,0.0024514615070074797,0.0
5124044,0,0.5868249535560608,0.002691717818379402,0.0
5124045,0,0.5836017727851868,0.0015559284947812557,0.0
5124046,0,0.5270423889160156,0.001102008274756372,0.0
5124047,0,0.6084765195846558,0.0033171509858220816,0.0
5124048,0,0.6003324389457703,0.0029027024284005165,0.0
5124049,0,0.5616081357002258,0.0024470235221087933,0.0
5124050,0,0.511567234992981,0.0003675765765365213,0.0
5124051,0,0.515130341053009,-0.0013960337964817882,0.0
5124052,0,0.5398944020271301,-0.0005850028828717768,0.0
5124053,0,0.5351427793502808,-0.0008171666995622218,0.0
5124054,0,0.5364398956298828,-0.0006953602423891425,0.0
5124055,0,0.49115994572639465,-0.0007378710433840752,0.0
5124056,0,0.5582895874977112,0.0004171822511125356,0.0
5124057,0,0.5711545944213867,0.0007000858313404024,0.0
5124058,0,0.559303343296051,0.0009600186604075134,0.0
5124059,0,0.5622590184211731,0.0020664010662585497,0.0
5124060,0,0.5553025007247925,0.0013639802346006036,0.0
5124061,0,0.5266345739364624,0.003992300946265459,0.0
5124062,0,0.5449536442756653,0.004361138213425875,0.0
5124063,0,0.547619104385376,0.0038656864780932665,0.0
5124064,0,0.48213034868240356,0.0028417627327144146,0.0
5124065,0,0.47040799260139465,0.0033928267657756805,0.0
5124066,0,0.4762556850910187,0.003815776202827692,0.0
5124067,0,0.4802902638912201,0.0028196172788739204,0.0
5124068,0,0.4657224416732788,0.004617427010089159,0.0
5124069,0,0.43256354331970215,0.003936481196433306,0.0
5124070,0,0.44488176703453064,0.004133858252316713,0.0
5124071,0,0.46570584177970886,0.0037247994914650917,0.0
5124072,0,0.42884212732315063,0.003151816315948963,0.0
5124073,0,0.45147332549095154,0.0018561166943982244,0.0
5124074,0,0.45883625745773315,0.0025940616615116596,0.0
5124075,0,0.4258327782154083,0.0003734121273737401,0.0
5124076,0,0.43253451585769653,-0.0004911987343803048,0.0
5124077,0,0.44866377115249634,8.0426900240127e-05,0.0
5124078,0,0.4650656580924988,-0.0010125641711056232,0.0
5124079,0,0.4805462956428528,-0.0006075695273466408,0.0
5124080,0,0.4615981876850128,-0.0014191980008035898,0.0
5124081,0,0.4707067310810089,-0.000500679889228195,0.0
5124082,0,0.43295565247535706,-0.0014584616292268038,0.0
5124083,0,0.4410869777202606,-0.00264540477655828,0.0
5124084,0,0.45762619376182556,-0.004771880339831114,0.0
5124085,0,0.4228554964065552,-0.009954163804650307,0.0
5124086,0,0.3885613679885864,-0.005972098093479872,0.0
5124087,0,0.4219496548175812,-0.004022369626909494,0.0
5124088,0,0.4408172369003296,-0.0026622626464813948,0.0
5124089,0,0.4304220676422119,-0.0019499293994158506,0.0
5124090,0,0.45333927869796753,-0.0006146017694845796,0.0
5124091,0,0.46495985984802246,-0.0013911885907873511,0.0
5124092,0,0.47368481755256653,0.00046648483839817345,0.0
5124093,0,0.458080530166626,0.0014212599489837885,0.0
5124094,0,0.49229446053504944,0.0002276829327456653,0.0
5124095,0,0.4882113039493561,0.0003111663390882313,0.0
5124096,0,0.452595978975296,-0.00015039934078231454,0.0
5124097,0,0.49958914518356323,-4.211949999444187e-05,0.0
5124098,0,0.4758825898170471,-0.00022968788107391447,0.0
5124099,0,0.44246768951416016,-0.00041855257586576045,0.0
5124100,0,0.11949494481086731,-0.002319325925782323,0.0
5124101,0,0.0,0.0004059750644955784,1.0
5124102,0,0.0,-0.004253487568348646,1.0
5124103,0,0.0,-0.0018899503629654646,1.0
5124104,0,0.0,-0.015172353014349937,1.0
5124105,0,0.0,-0.008010300807654858,1.0
5124106,0,0.0,-0.009502436965703964,1.0
5124107,0,0.0,-0.007138375658541918,1.0
5124108,0,0.0,-0.005347760859876871,1.0
5124109,0,0.5752881169319153,0.0014375712489709258,0.0
5124110,0,0.5126168131828308,-0.006978784222155809,0.0
5124111,0,0.8536335825920105,-0.005636781454086304,0.0
5124112,0,0.6722155809402466,-0.001873878063634038,0.0
5124113,0,0.47865772247314453,-0.012477921321988106,0.0
5124114,0,0.5841310024261475,-0.008092454634606838,0.0
5124115,0,0.7470799684524536,-0.007377880625426769,0.0
5124116,0,0.31045353412628174,-0.004624132066965103,0.0
5124117,0,0.6523113250732422,-0.004014500416815281,0.0
5124118,0,0.7686129212379456,-0.004414992872625589,0.0
5124119,0,0.16404989361763,-0.00456626620143652,0.0
5124120,0,0.6184857487678528,-0.00022732862271368504,0.0
5124121,0,0.5428628921508789,0.0008050373871810734,0.0
5124122,0,0.6277263760566711,-0.00047728934441693127,0.0
5124123,0,0.13926398754119873,0.0009745086426846683,0.0
5124124,0,0.3968667685985565,0.002633739495649934,0.0
5124125,0,0.5586322546005249,0.004270454868674278,0.0
5124126,0,0.37346139550209045,0.004277002066373825,0.0
5124127,0,0.5834149122238159,0.005438792984932661,0.0
5124128,0,0.8531660437583923,0.006427745800465345,0.0
5124129,0,0.7420556545257568,0.005487403832376003,0.0
5124130,0,0.8999999761581421,0.0058769891038537025,0.0
5124131,0,0.8999999761581421,0.006803670898079872,0.0
5124132,0,0.8999999761581421,0.004608806688338518,0.0
5124133,0,0.8999999761581421,0.004953204654157162,0.0
5124134,0,0.8999999761581421,0.006346459500491619,0.0
5124135,0,0.8999999761581421,0.007832956500351429,0.0
5124136,0,0.8999999761581421,0.006557007320225239,0.0
5124137,0,0.7186938524246216,0.013806904666125774,0.0
5124138,0,0.8999999761581421,0.00960296019911766,0.0
5124139,0,0.8999999761581421,-0.006080469116568565,0.0
5124140,0,0.8999999761581421,-0.0006267623393796384,0.0
5124141,0,0.8999999761581421,-0.0007551144226454198,0.0
5124142,0,0.8401124477386475,0.0008415163028985262,0.0
5124143,0,0.8936053514480591,0.005111862905323505,0.0
5124144,0,0.8999999761581421,0.004911863710731268,0.0
5124145,0,0.8999999761581421,0.002522128401324153,0.0
5124146,0,0.8999999761581421,0.005401239730417728,0.0
5124147,0,0.6198323965072632,0.006515996064990759,0.0
5124148,0,0.8999999761581421,0.013494685292243958,0.0
5124149,0,0.444650799036026,0.013298860751092434,0.0
5124150,0,0.0,0.013381343334913254,1.0
5124151,0,0.0,0.01737407222390175,1.0
5124152,0,0.4081305265426636,0.00536433095112443,0.0
5124153,0,0.2743704617023468,0.008962970227003098,0.0
5124154,0,0.0,0.008292254991829395,1.0
5124155,0,0.0,0.009872053749859333,1.0
5124156,0,0.0,0.013890063390135765,1.0
5124157,0,0.0,0.0219735037535429,1.0
5124158,0,0.0,0.021000344306230545,1.0
5124159,0,0.0,0.013139002956449986,1.0
5124160,0,0.0,0.020079774782061577,1.0
5124161,0,0.0,0.012411929666996002,1.0
5124162,0,0.0,0.01555097009986639,1.0
5124163,0,0.0,0.01650257781147957,1.0
5124164,0,0.0,0.012235883623361588,1.0
5124165,0,0.0,0.008041285909712315,1.0
5124166,0,0.0,0.011316707357764244,1.0
5124167,0,0.0,0.00969674251973629,1.0
5124168,0,0.0,0.008974778465926647,1.0
5124169,0,0.0,0.004970781039446592,1.0
5124170,0,0.0,0.008215001784265041,1.0
5124171,0,0.0,0.014585301280021667,1.0
5124172,0,0.0,-0.004491399973630905,1.0
5124173,0,0.0,0.005540145561099052,1.0
5124174,0,0.14835044741630554,0.007349138613790274,0.0
5124175,0,0.0,0.003227050881832838,1.0
5124176,0,0.0,0.019740618765354156,1.0
5124177,0,0.0,-0.018262436613440514,1.0
5124178,0,0.0,-0.004000060260295868,1.0
5124179,0,0.0,-0.0033804597333073616,1.0
5124180,0,0.0,0.0018099816516041756,1.0
5124181,0,0.0,-0.00823232065886259,1.0
5124182,0,0.0,-0.008340365253388882,1.0
5124183,0,0.0,-0.01410665176808834,1.0
5124184,0,0.0,-0.018488924950361252,1.0
5124185,0,0.0,-0.013718880712985992,1.0
5124186,0,0.13874615728855133,-0.029813464730978012,0.0
5124187,0,0.21694758534431458,-0.02559724450111389,0.0
5124188,0,0.0,-0.024624213576316833,1.0
5124189,0,0.8999999761581421,-0.024061059579253197,0.0
5124190,0,0.8999999761581421,-0.022583631798624992,0.0
5124191,0,0.8999999761581421,-0.02714032493531704,0.0
5124192,0,0.8999999761581421,-0.016445385292172432,0.0
5124193,0,0.8999999761581421,-0.010570103302598,0.0
5124194,0,0.8999999761581421,-0.01878037303686142,0.0
5124195,0,0.8999999761581421,-0.018691550940275192,0.0
5124196,0,0.8999999761581421,-0.014899835921823978,0.0
5124197,0,0.8999999761581421,-0.019256001338362694,0.0
5124198,0,0.8999999761581421,-0.018522577360272408,0.0
5124199,0,0.8999999761581421,-0.019815852865576744,0.0
5124200,0,0.8999999761581421,-0.01948246918618679,0.0
5124201,0,0.8999999761581421,-0.018828686326742172,0.0
5124202,0,0.8999999761581421,-0.016667690128087997,0.0
5124203,0,0.8999999761581421,-0.01728382334113121,0.0
5124204,0,0.8999999761581421,-0.019182980060577393,0.0
5124205,0,0.8999999761581421,-0.01730116456747055,0.0
5124206,0,0.8999999761581421,-0.02170039527118206,0.0
5124207,0,0.8999999761581421,-0.018371952697634697,0.0
5124208,0,0.8999999761581421,-0.020476151257753372,0.0
5124209,0,0.8999999761581421,-0.020956628024578094,0.0
5124210,0,0.8999999761581421,-0.01831170916557312,0.0
5124211,0,0.8999999761581421,-0.020619140937924385,0.0
5124212,0,0.8999999761581421,-0.01921933889389038,0.0
5124213,0,0.8999999761581421,-0.01831909827888012,0.0
5124214,0,0.8999999761581421,-0.015156805515289307,0.0
5124215,0,0.8999999761581421,-0.020144686102867126,0.0
5124216,0,0.8999999761581421,-0.018869003280997276,0.0
5124217,0,0.8999999761581421,-0.025588084012269974,0.0
5124218,0,0.8999999761581421,-0.03275559842586517,0.0
5124219,0,0.8999999761581421,-0.0263375211507082,0.0
5124220,0,0.8999999761581421,-0.028769107535481453,0.0
5124221,0,0.8999999761581421,-0.03100120835006237,0.0
5124222,0,0.8999999761581421,-0.0242607519030571,0.0
5124223,0,0.8999999761581421,-0.03387646749615669,0.0
5124224,0,0.8999999761581421,-0.028701888397336006,0.0
5124225,0,0.8999999761581421,-0.024675095453858376,0.0
5124226,0,0.8999999761581421,-0.01792733371257782,0.0
5124227,0,0.8999999761581421,-0.010148124769330025,0.0
5124228,0,0.8999999761581421,-0.008465433493256569,0.0
5124229,0,0.8999999761581421,-0.008948546834290028,0.0
5124230,0,0.8999999761581421,-0.004682868719100952,0.0
5124231,0,0.8999999761581421,-0.005148804280906916,0.0
5124232,0,0.8999999761581421,-0.0077799526043236256,0.0
5124233,0,0.8999999761581421,-0.005476830061525106,0.0
5124234,0,0.8999999761581421,-0.004692325834184885,0.0
5124235,0,0.8999999761581421,-0.0025781302247196436,0.0
5124236,0,0.8999999761581421,-0.001803736318834126,0.0
5124237,0,0.8999999761581421,-0.0020685952622443438,0.0
5124238,0,0.8999999761581421,-0.0010846382938325405,0.0
5124239,0,0.8999999761581421,-0.002598454477265477,0.0
5124240,0,0.8999999761581421,-0.0009266005363315344,0.0
5124241,0,0.8999999761581421,-0.002414103364571929,0.0
5124242,0,0.8999999761581421,-0.0025982481893152,0.0
5124243,0,0.8999999761581421,-0.0030822239350527525,0.0
5124244,0,0.8999999761581421,-0.0022664673160761595,0.0
5124245,0,0.8999999761581421,-0.0035464975517243147,0.0
5124246,0,0.8999999761581421,-0.004823077004402876,0.0
5124247,0,0.8999999761581421,-0.004622373264282942,0.0
5124248,0,0.8999999761581421,-0.004232669714838266,0.0
5124249,0,0.8999999761581421,-0.0027448039036244154,0.0
5124250,0,0.8999999761581421,-0.0026410419959574938,0.0
5124251,0,0.8999999761581421,-0.0014756623422726989,0.0
5124252,0,0.8999999761581421,-0.0011163887102156878,0.0
5124253,0,0.8999999761581421,-0.0011076475493609905,0.0
5124254,0,0.8999999761581421,-0.0007877370808273554,0.0
5124255,0,0.8999999761581421,-0.0005750023410655558,0.0
5124256,0,0.8999999761581421,-0.0009723813273012638,0.0
5124257,0,0.8999999761581421,-0.0008600232540629804,0.0
5124258,0,0.8999999761581421,-0.0010922440560534596,0.0
5124259,0,0.8999999761581421,-0.0011737281456589699,0.0
5124260,0,0.8999999761581421,-0.00011976737005170435,0.0
5124261,0,0.8999999761581421,-0.0007404494099318981,0.0
5124262,0,0.8999999761581421,2.0425110051291995e-05,0.0
5124263,0,0.8999999761581421,-8.509420149493963e-05,0.0
5124264,0,0.8999999761581421,-0.0014304009964689612,0.0
5124265,0,0.8999999761581421,-0.003357812063768506,0.0
5124266,0,0.8999999761581421,-0.0033497395925223827,0.0
5124267,0,0.8999999761581421,-0.0034724625293165445,0.0
5124268,0,0.8999999761581421,-0.004665335174649954,0.0
5124269,0,0.8999999761581421,-0.003240108024328947,0.0
5124270,0,0.8999999761581421,-0.0023201340809464455,0.0
5124271,0,0.8999999761581421,-0.0024313111789524555,0.0
5124272,0,0.8999999761581421,-0.0034449808299541473,0.0
5124273,0,0.8999999761581421,-0.0034176914487034082,0.0
5124274,0,0.8999999761581421,-0.004031055141240358,0.0
5124275,0,0.8999999761581421,-0.003281467594206333,0.0
5124276,0,0.8999999761581421,-0.0035346727818250656,0.0
5124277,0,0.8999999761581421,-0.0013988682767376304,0.0
5124278,0,0.8999999761581421,-0.0026104955468326807,0.0
5124279,0,0.8999999761581421,-0.0025844310875982046,0.0
5124280,0,0.8999999761581421,-0.002819373970851302,0.0
5124281,0,0.8999999761581421,-0.003595169633626938,0.0
5124282,0,0.8999999761581421,-0.00450371578335762,0.0
5124283,0,0.8999999761581421,-0.0023918894585222006,0.0
5124284,0,0.8999999761581421,-0.003895841771736741,0.0
5124285,0,0.8999999761581421,-0.00396986398845911,0.0
5124286,0,0.8999999761581421,-0.002592093776911497,0.0
5124287,0,0.8999999761581421,-0.002205503638833761,0.0
5124288,0,0.8999999761581421,0.000238005057326518,0.0
5124289,0,0.8999999761581421,0.00022761462605558336,0.0
5124290,0,0.8999999761581421,0.0006085072527639568,0.0
5124291,0,0.8999999761581421,0.00014338416804093868,0.0
5124292,0,0.8999999761581421,-2.8675412977463566e-05,0.0
5124293,0,0.8999999761581421,0.0008506132871843874,0.0
5124294,0,0.8999999761581421,0.0015291925519704819,0.0
5124295,0,0.8999999761581421,0.001599936280399561,0.0
5124296,0,0.8999999761581421,0.0019271777709946036,0.0
5124297,0,0.8999999761581421,0.0028585679829120636,0.0
5124298,0,0.8999999761581421,0.0021990733221173286,0.0
5124299,0,0.8999999761581421,0.0009133585263043642,0.0
5124300,0,0.8999999761581421,0.0016835391288623214,0.0
5124301,0,0.8999999761581421,0.0008752517169341445,0.0
5124302,0,0.8999999761581421,8.908274321584031e-05,0.0
5124303,0,0.8999999761581421,-0.0005244603380560875,0.0
5124304,0,0.8999999761581421,0.00024262965598609298,0.0
5124305,0,0.8999999761581421,4.3827043555211276e-05,0.0
5124306,0,0.8999999761581421,-0.000713629531674087,0.0
5124307,0,0.8999999761581421,-0.0005038217641413212,0.0
5124308,0,0.8999999761581421,0.0004277662083040923,0.0
5124309,0,0.8999999761581421,-0.000446902122348547,0.0
5124310,0,0.8999999761581421,-0.0004339247534517199,0.0
5124311,0,0.8999999761581421,0.0005180029547773302,0.0
5124312,0,0.8999999761581421,-0.00209480756893754,0.0
5124313,0,0.8999999761581421,-0.0028573754243552685,0.0
5124314,0,0.8999999761581421,-0.002848117845132947,0.0
5124315,0,0.8999999761581421,-0.0009447119082324207,0.0
5124316,0,0.8999999761581421,-0.0019644806161522865,0.0
5124317,0,0.8999999761581421,-0.0030388550367206335,0.0
5124318,0,0.8999999761581421,-0.0019130136352032423,0.0
5124319,0,0.8999999761581421,-0.0019239860121160746,0.0
5124320,0,0.8999999761581421,-0.000854096666444093,0.0
5124321,0,0.8999999761581421,-0.00039267042302526534,0.0
5124322,0,0.8999999761581421,-0.0006506936042569578,0.0
5124323,0,0.8999999761581421,-0.0002308732073288411,0.0
5124324,0,0.8999999761581421,-0.0006672923918813467,0.0
5124325,0,0.8999999761581421,-0.0006984053179621696,0.0
5124326,0,0.8999999761581421,-0.00024222412321250886,0.0
5124327,0,0.8899163603782654,0.0020753401331603527,0.0
5124328,0,0.5493938326835632,0.002222734270617366,0.0
5124329,0,0.5136705636978149,0.0033774389885365963,0.0
5124330,0,0.6497099995613098,0.002411405323073268,0.0
5124331,0,0.5288220643997192,0.001712657161988318,0.0
5124332,0,0.7723493576049805,0.003640358569100499,0.0
5124333,0,0.6981234550476074,0.002626142231747508,0.0
5124334,0,0.3711991608142853,0.0032607181929051876,0.0
5124335,0,0.5824568271636963,0.004443654324859381,0.0
5124336,0,0.6252298355102539,0.004185222554951906,0.0
5124337,0,0.5076374411582947,0.006605225615203381,0.0
5124338,0,0.0,0.005854519549757242,1.0
5124339,0,0.610684871673584,0.0031180696096271276,0.0
5124340,0,0.5412430763244629,0.003385252319276333,0.0
5124341,0,0.5026127696037292,0.0036249705590307713,0.0
5124342,0,0.4568484127521515,0.0037850730586797,0.0
5124343,0,0.38539978861808777,0.004298871383070946,0.0
5124344,0,0.4506740868091583,0.006550656631588936,0.0
5124345,0,0.42191916704177856,0.003547048196196556,0.0
5124346,0,0.351609468460083,0.004495153669267893,0.0
5124347,0,0.26843440532684326,0.007031197194010019,0.0
5124348,0,0.36256465315818787,0.008114906027913094,0.0
5124349,0,0.34407344460487366,0.00772352097555995,0.0
5124350,0,0.4659461975097656,0.006823727395385504,0.0
5124351,0,0.3989503085613251,0.007433735765516758,0.0
5124352,0,0.3484759032726288,0.005421564914286137,0.0
5124353,0,0.39049839973449707,0.006433690898120403,0.0
5124354,0,0.4018391966819763,0.00456226896494627,0.0
5124355,0,0.43496471643447876,0.005041819531470537,0.0
5124356,0,0.4868316352367401,0.005060848779976368,0.0
5124357,0,0.29775744676589966,0.0041983905248343945,0.0
5124358,0,0.11742512881755829,0.000354570773197338,0.0
5124359,0,0.12741053104400635,0.00033722067018970847,0.0
5124360,0,0.11772198230028152,0.007238372694700956,0.0
5124361,0,0.3796403110027313,0.003915377426892519,0.0
5124362,0,0.3665229082107544,0.005158635322004557,0.0
5124363,0,0.35945960879325867,0.0059073991142213345,0.0
5124364,0,0.32733291387557983,0.004003838170319796,0.0
5124365,0,0.2688363790512085,0.0012985385255888104,0.0
5124366,0,0.3072407841682434,0.00451230350881815,0.0
5124367,0,0.17769961059093475,0.003215890610590577,0.0
5124368,0,0.13630928099155426,0.005652621854096651,0.0
5124369,0,0.1284540742635727,0.007900184020400047,0.0
5124370,0,0.3071494698524475,0.00642902497202158,0.0
5124371,0,0.2586480677127838,0.004448044113814831,0.0
5124372,0,0.2649759352207184,0.004014910198748112,0.0
5124373,0,0.40869519114494324,0.00020852424495387822,0.0
5124374,0,0.3538670837879181,-0.0006222772062756121,0.0
5124375,0,0.33773279190063477,-0.002833394333720207,0.0
5124376,0,0.26894673705101013,-0.0003126732481177896,0.0
5124377,0,0.2986025810241699,-0.00048053512000478804,0.0
5124378,0,0.2782852351665497,0.0005351595464162529,0.0
5124379,0,0.3732720613479614,0.0017273420235142112,0.0
5124380,0,0.34436190128326416,0.005021636374294758,0.0
5124381,0,0.3866170346736908,0.004980834200978279,0.0
5124382,0,0.3976616859436035,0.008582184091210365,0.0
5124383,0,0.4157203137874603,0.007552797440439463,0.0
5124384,0,0.4451969265937805,0.011996817775070667,0.0
5124385,0,0.47461485862731934,0.011309542693197727,0.0
5124386,0,0.44055941700935364,0.008924728259444237,0.0
5124387,0,0.4022573232650757,0.00806481298059225,0.0
5124388,0,0.43110397458076477,0.005076496861875057,0.0
5124389,0,0.37668418884277344,0.006293064448982477,0.0
5124390,0,0.3741243779659271,0.008512023836374283,0.0
5124391,0,0.34443825483322144,0.004402048420161009,0.0
5124392,0,0.22760918736457825,0.003176725236698985,0.0
5124393,0,0.40993016958236694,0.0009601879864931107,0.0
5124394,0,0.4188120663166046,0.00024666942772455513,0.0
5124395,0,0.4488312304019928,0.0021594397258013487,0.0
5124396,0,0.4433077573776245,0.0005271013360470533,0.0
5124397,0,0.36231353878974915,-0.000254131417023018,0.0
5124398,0,0.4549368619918823,0.0004902396467514336,0.0
5124399,0,0.4036931097507477,0.00020209106151014566,0.0
5124400,0,0.4858013093471527,0.00030526533373631537,0.0
5124401,0,0.48568034172058105,-0.0004525825788732618,0.0
5124402,0,0.4344463646411896,-0.002030781703069806,0.0
5124403,0,0.48491784930229187,-0.0023907767608761787,0.0
5124404,0,0.4742700755596161,-0.001247245236299932,0.0
5124405,0,0.5177640914916992,-0.004775201436132193,0.0
5124406,0,0.5128931999206543,-0.008545063436031342,0.0
5124407,0,0.4989224374294281,-0.007856440730392933,0.0
5124408,0,0.5249840021133423,-0.007459299173206091,0.0
5124409,0,0.5273693203926086,-0.007951071485877037,0.0
5124410,0,0.4640796482563019,-0.007688479498028755,0.0
5124411,0,0.48789694905281067,-0.003808143548667431,0.0
5124412,0,0.4797355532646179,-0.004373074043542147,0.0
5124413,0,0.5053432583808899,-0.002975588897243142,0.0
5124414,0,0.49430909752845764,-0.002337734680622816,0.0
5124415,0,0.506162703037262,0.0003829672932624817,0.0
5124416,0,0.5146774053573608,0.0013789113145321608,0.0
5124417,0,0.5057311058044434,0.002019632840529084,0.0
5124418,0,0.4667298197746277,0.0017434598412364721,0.0
5124419,0,0.4804973900318146,0.0026839270722121,0.0
5124420,0,0.3900260329246521,0.0014594306703656912,0.0
5124421,0,0.3306572735309601,0.0002777439367491752,0.0
5124422,0,0.3222004175186157,0.00023247970966622233,0.0
5124423,0,0.3039199709892273,0.0004957080818712711,0.0
5124424,0,0.16842563450336456,-0.0015031823422759771,0.0
5124425,0,0.2681249976158142,-0.0018822620622813702,0.0
5124426,0,0.3220261037349701,-0.001448754221200943,0.0
5124427,0,0.4776259660720825,-0.0021501563023775816,0.0
5124428,0,0.3646180331707001,-0.0021798135712742805,0.0
5124429,0,0.3188853859901428,-0.0031701610423624516,0.0
5124430,0,0.5458129644393921,-0.004334043711423874,0.0
5124431,0,0.5938712358474731,-0.00541232293471694,0.0
5124432,0,0.5317897796630859,-0.0055026281625032425,0.0
5124433,0,0.4481717050075531,0.0009016404510475695,0.0
5124434,0,0.2637866735458374,-0.0009200777276419103,0.0
5124435,0,0.5166756510734558,-0.004430598579347134,0.0
5124436,0,0.5300458073616028,-0.006466471590101719,0.0
5124437,0,0.49268898367881775,-0.00694508571177721,0.0
5124438,0,0.5139333605766296,-0.01395641453564167,0.0
5124439,0,0.43367889523506165,-0.012500409968197346,0.0
5124440,0,0.44507819414138794,-0.012103654444217682,0.0
5124441,0,0.40547195076942444,-0.010763682425022125,0.0
5124442,0,0.37976762652397156,-0.008310023695230484,0.0
5124443,0,0.2377631664276123,-0.0018503636820241809,0.0
5124444,0,0.23603661358356476,-0.0027327900752425194,0.0
5124445,0,0.4883810579776764,0.00020030525047332048,0.0
5124446,0,0.531650722026825,0.0006073261611163616,0.0
5124447,0,0.5133777856826782,0.0019854663405567408,0.0
5124448,0,0.4328794777393341,0.008313319645822048,0.0
5124449,0,0.5619145631790161,0.009371071122586727,0.0
5124450,0,0.44291749596595764,0.009648675099015236,0.0
5124451,0,0.4694346487522125,0.010747612453997135,0.0
5124452,0,0.5234734416007996,0.010542853735387325,0.0
5124453,0,0.3926432132720947,0.005044046323746443,0.0
5124454,0,0.5822548270225525,0.01593456044793129,0.0
5124455,0,0.5869507193565369,0.013064036145806313,0.0
5124456,0,0.23924925923347473,0.003058964153751731,0.0
5124457,0,0.40774473547935486,-0.001883928431198001,0.0
5124458,0,0.3820531964302063,-0.00036338597419671714,0.0
5124459,0,0.4568612277507782,-0.0007759820437058806,0.0
5124460,0,0.5404161214828491,-0.00041484719258733094,0.0
5124461,0,0.5422813892364502,0.0010463608196005225,0.0
5124462,0,0.5913913249969482,0.0002929197798948735,0.0
5124463,0,0.5644344091415405,0.0006831569480709732,0.0
5124464,0,0.5382776260375977,0.0020476963836699724,0.0
5124465,0,0.47311463952064514,0.0008548066834919155,0.0
5124466,0,0.46099454164505005,0.00113798922393471,0.0
5124467,0,0.5016723275184631,0.001308470731601119,0.0
5124468,0,0.5166983604431152,0.0009221181971952319,0.0
5124469,0,0.5532745718955994,-0.0011790244607254863,0.0
5124470,0,0.5900761485099792,-0.002249319339171052,0.0
5124471,0,0.553034782409668,-0.003457400482147932,0.0
5124472,0,0.49976488947868347,-0.0028393040411174297,0.0
5124473,0,0.48600122332572937,-0.0033243312500417233,0.0
5124474,0,0.4187089800834656,-0.0031588103156536818,0.0
5124475,0,0.34224843978881836,-0.002216763561591506,0.0
5124476,0,0.2910301387310028,-0.002275843173265457,0.0
5124477,0,0.13776899874210358,-0.00040598929626867175,0.0
5124478,0,0.46229949593544006,0.0002507106401026249,0.0
5124479,0,0.3069738447666168,0.0006857040571048856,0.0
5124480,0,0.49929070472717285,0.0030936601106077433,0.0
5124481,0,0.5251626372337341,0.006054145749658346,0.0
5124482,0,0.4552074670791626,0.005771963857114315,0.0
5124483,0,0.369549959897995,0.00568052614107728,0.0
5124484,0,0.3469424843788147,0.005259942729026079,0.0
5124485,0,0.33654195070266724,0.006170999258756638,0.0
5124486,0,0.3021606504917145,0.006171798799186945,0.0
5124487,0,0.25947150588035583,0.003716683015227318,0.0
5124488,0,0.2965506911277771,0.00297558750025928,0.0
5124489,0,0.4688708186149597,0.0012583996867761016,0.0
5124490,0,0.4516204297542572,0.0009952083928510547,0.0
5124491,0,0.48919686675071716,0.0026949679013341665,0.0
5124492,0,0.3471407890319824,0.003337231930345297,0.0
5124493,0,0.4726288914680481,0.005323802120983601,0.0
5124494,0,0.46371757984161377,0.00323422416113317,0.0
5124495,0,0.4058052897453308,0.0005420281668193638,0.0
5124496,0,0.5410257577896118,0.0005189976072870195,0.0
5124497,0,0.539755642414093,-0.0011020624078810215,0.0
5124498,0,0.3724948465824127,0.0006656460464000702,0.0
5124499,0,0.3755697011947632,-3.531350375851616e-05,0.0
5124500,0,0.46657824516296387,-0.0014826219994574785,0.0
5124501,0,0.4489249289035797,0.0002308390539838001,0.0
5124502,0,0.4084166884422302,-0.0004893532022833824,0.0
5124503,0,0.2938464879989624,-0.003382352413609624,0.0
5124504,0,0.29354891180992126,-0.004633570555597544,0.0
5124505,0,0.48781025409698486,-0.004529209341853857,0.0
5124506,0,0.5002918839454651,-0.004306674934923649,0.0
5124507,0,0.43933552503585815,-0.005047832615673542,0.0
5124508,0,0.4269981384277344,-0.0036057238467037678,0.0
5124509,0,0.4982043504714966,-0.0036671841517090797,0.0
