ts,agent_id,cvip,cvip_x,cvip_y,cvip_z
2355033,0,502.1322032192853,192.8539581298828,-44.17219543457031,-499.7887268066406
2355034,0,502.1261356798093,192.8539581298828,-44.17219543457031,-499.8239440917969
2355035,0,502.12002781175966,192.8539581298828,-44.17219543457031,-499.865234375
2355036,0,502.1139418312305,192.8539581298828,-44.17219543457031,-499.91265869140625
2355037,0,502.1078489317263,192.8539581298828,-44.17219543457031,-499.9661865234375
2355038,0,502.10178103796426,192.8539581298828,-44.17219543457031,-500.0258483886719
2355039,0,502.0956788590649,192.8539581298828,-44.17219543457031,-500.0915832519531
2355040,0,502.0895742900494,192.8539581298828,-44.17219543457031,-500.1634216308594
2355041,0,502.083468890032,192.8539581298828,-44.17219543457031,-500.2413635253906
2355042,0,502.09161804712136,192.8539581298828,-44.17219543457031,-500.3254699707031
2355043,0,502.13332157967005,192.8539581298828,-44.17219543457031,-500.4156494140625
2355044,0,502.2001156659363,192.8539581298828,-44.17219543457031,-500.5119323730469
2355045,0,502.28621762597766,192.8539581298828,-44.17219543457031,-500.61431884765625
2355046,0,502.3932478495504,192.8539581298828,-44.17219543457031,-500.7228088378906
2355047,0,502.5098648260502,192.8539581298828,-44.17219543457031,-500.8373718261719
2355048,0,502.6347384854336,192.8539581298828,-44.17219543457031,-500.9580383300781
2355049,0,502.76686227094524,192.8539581298828,-44.17219543457031,-501.0848083496094
2355050,0,502.905526200154,192.8539581298828,-44.17219543457031,-501.2176513671875
2355051,0,503.0503096838882,192.8539581298828,-44.17219543457031,-501.3565979003906
2355052,0,503.2008982874174,192.8539581298828,-44.17219543457031,-501.5016174316406
2355053,0,503.35718351594915,192.8539581298828,-44.17219543457031,-501.65277099609375
2355054,0,503.51901660454223,192.8539581298828,-44.17219543457031,-501.80999755859375
2355055,0,503.6863637570551,192.8539581298828,-44.17219543457031,-501.9732971191406
2355056,0,503.859197120081,192.8539581298828,-44.17219543457031,-502.14263916015625
2355057,0,504.0375995907095,192.8539581298828,-44.17219543457031,-502.3180847167969
2355058,0,504.22157985986354,192.8539581298828,-44.17219543457031,-502.4996032714844
2355059,0,504.41121134453385,192.8539581298828,-44.17219543457031,-502.6872253417969
2355060,0,504.60650896610946,192.8539581298828,-44.17219543457031,-502.88092041015625
2355061,0,504.80751820586204,192.8539581298828,-44.17219543457031,-503.0806884765625
2355062,0,505.01425319281043,192.8539581298828,-44.17219543457031,-503.2864990234375
2355063,0,505.22681330217864,192.8539581298828,-44.17219543457031,-503.4984130859375
2355064,0,505.44523531589965,192.8539581298828,-44.17219543457031,-503.7164306640625
2355065,0,505.6694602076675,192.8539581298828,-44.17219543457031,-503.9404602050781
2355066,0,505.89957783081996,192.8539581298828,-44.17219543457031,-504.1705627441406
2355067,0,506.1356719678974,192.8539581298828,-44.17219543457031,-504.40679931640625
2355068,0,506.3776138389742,192.8539581298828,-44.17219543457031,-504.6490173339844
2355069,0,506.62554215336263,192.8539581298828,-44.17219543457031,-504.8973388671875
2355070,0,506.8794131887075,192.8539581298828,-44.17219543457031,-505.1517028808594
2355071,0,507.13926934088494,192.8539581298828,-44.17219543457031,-505.4121398925781
2355072,0,507.40509217230084,192.8539581298828,-44.17219543457031,-505.6786193847656
2355073,0,507.6769217295533,192.8539581298828,-44.17219543457031,-505.951171875
2355074,0,507.9547671960496,192.8539581298828,-44.17219543457031,-506.22979736328125
2355075,0,508.2385719362009,192.8539581298828,-44.17219543457031,-506.5144348144531
2355076,0,508.5284035839065,192.8539581298828,-44.17219543457031,-506.8051452636719
2355077,0,508.82423658453615,192.8539581298828,-44.17219543457031,-507.1018981933594
2355078,0,509.12610514496953,192.8539581298828,-44.17219543457031,-507.40472412109375
2355079,0,509.433982081256,192.8539581298828,-44.17219543457031,-507.7135925292969
2355080,0,509.74783975169515,192.8539581298828,-44.17219543457031,-508.0284729003906
2355081,0,510.067728069308,192.8539581298828,-44.17219543457031,-508.3494567871094
2355082,0,510.3936142250107,192.8539581298828,-44.17219543457031,-508.6764221191406
2355083,0,510.72556547088,192.8539581298828,-44.17219543457031,-509.0094909667969
2355084,0,511.0635114006424,192.8539581298828,-44.17219543457031,-509.34857177734375
2355085,0,511.40748106235856,192.8539581298828,-44.17219543457031,-509.6936950683594
2355086,0,511.75744332155807,192.8539581298828,-44.17219543457031,-510.0448303222656
2355087,0,512.1134281439524,192.8539581298828,-44.17219543457031,-510.4020080566406
2355088,0,512.4754656825556,192.8539581298828,-44.17219543457031,-510.7652587890625
2355089,0,512.8434950765687,192.8539581298828,-44.17219543457031,-511.134521484375
2355090,0,513.2175164468181,192.8539581298828,-44.17219543457031,-511.5097961425781
2355091,0,513.5975602966786,192.8539581298828,-44.17219543457031,-511.89111328125
2355092,0,513.9835964458499,192.8539581298828,-44.17219543457031,-512.2784423828125
2355093,0,514.3757163047885,192.8539581298828,-44.17219543457031,-512.671875
2355094,0,514.7737984905904,192.8539581298828,-44.17219543457031,-513.0712890625
2355095,0,515.1778438281974,192.8539581298828,-44.17219543457031,-513.4766845703125
2355096,0,515.5879121081612,192.8539581298828,-44.17219543457031,-513.8881225585938
2355097,0,516.0040041179901,192.8539581298828,-44.17219543457031,-514.3056030273438
2355098,0,516.4260558505257,192.8539581298828,-44.17219543457031,-514.7290649414062
2355099,0,516.8541352254477,192.8539581298828,-44.17219543457031,-515.1585693359375
2355100,0,517.2882378888535,192.8539581298828,-44.17219543457031,-515.5941162109375
2355101,0,517.7282439794219,192.8539581298828,-44.17219543457031,-516.0355834960938
2355102,0,518.1743359409804,192.8539581298828,-44.17219543457031,-516.483154296875
2355103,0,518.6263920497602,192.8539581298828,-44.17219543457031,-516.9367065429688
2355104,0,519.0844732755576,192.8539581298828,-44.17219543457031,-517.3963012695312
2355105,0,519.5485189214367,192.8539581298828,-44.17219543457031,-517.8618774414062
2355106,0,520.018528855528,192.8539581298828,-44.17219543457031,-518.3334350585938
2355107,0,520.4945642052944,192.8539581298828,-44.17219543457031,-518.81103515625
2355108,0,520.9765632447856,192.8539581298828,-44.17219543457031,-519.2946166992188
2355109,0,521.4645896862655,192.8539581298828,-44.17219543457031,-519.7842407226562
2355110,0,521.9585793762253,192.8539581298828,-44.17219543457031,-520.2798461914062
2355111,0,522.458596257595,192.8539581298828,-44.17219543457031,-520.781494140625
2355112,0,522.9645161721995,192.8539581298828,-44.17219543457031,-521.2890625
2355113,0,523.4764621916559,192.8539581298828,-44.17219543457031,-521.8026733398438
2355114,0,523.9943749891193,192.8539581298828,-44.17219543457031,-522.322265625
2355115,0,524.51831269708,192.8539581298828,-44.17219543457031,-522.847900390625
2355116,0,525.0481551505891,192.8539581298828,-44.17219543457031,-523.3794555664062
2355117,0,525.5839632939948,192.8539581298828,-44.17219543457031,-523.9169921875
2355118,0,526.1257980738843,192.8539581298828,-44.17219543457031,-524.4605712890625
2355119,0,526.6735987592889,192.8539581298828,-44.17219543457031,-525.0101318359375
2355120,0,527.2273654585445,192.8539581298828,-44.17219543457031,-525.565673828125
2355121,0,527.7870982805827,192.8539581298828,-44.17219543457031,-526.127197265625
2355122,0,528.3527973349154,192.8539581298828,-44.17219543457031,-526.6947021484375
2355123,0,528.924463797387,192.8539581298828,-44.17219543457031,-527.2681884765625
2355124,0,529.5020956470968,192.8539581298828,-44.17219543457031,-527.84765625
2355125,0,530.0856940609649,192.8539581298828,-44.17219543457031,-528.43310546875
2355126,0,530.6752591506705,192.8539581298828,-44.17219543457031,-529.0245361328125
2355127,0,531.2707910283958,192.8539581298828,-44.17219543457031,-529.6219482421875
2355128,0,531.8722295384061,192.8539581298828,-44.17219543457031,-530.2252807617188
2355129,0,532.4792906733798,192.8539581298828,-44.17219543457031,-530.8346557617188
2355130,0,533.0918398075816,192.8539581298828,-44.17219543457031,-531.4500122070312
2355131,0,533.7098553016943,192.8539581298828,-44.17219543457031,-532.0712890625
2355132,0,534.3334268022501,192.8539581298828,-44.17219543457031,-532.6985473632812
2355133,0,534.9625133727078,192.8539581298828,-44.17219543457031,-533.3317260742188
2355134,0,535.59725359009,192.8539581298828,-44.17219543457031,-533.970947265625
2355135,0,536.2375965695823,192.8539581298828,-44.17219543457031,-534.6161499023438
2355136,0,536.8834329361646,192.8539581298828,-44.17219543457031,-535.2672119140625
2355137,0,537.5349549495555,192.8539581298828,-44.17219543457031,-535.92431640625
2355138,0,538.1920476377426,192.8539581298828,-44.17219543457031,-536.5873413085938
2355139,0,538.8547829499637,192.8539581298828,-44.17219543457031,-537.25634765625
2355140,0,539.5231086201023,192.8539581298828,-44.17219543457031,-537.9312744140625
2355141,0,41.6464725829529,192.8539581298828,-44.17219543457031,0.09999999403953552
2355142,0,41.57935390650117,192.8539581298828,-44.17219543457031,0.09540698677301407
2355143,0,41.50799969916884,192.8539581298828,-44.17219543457031,0.08469131588935852
2355144,0,41.43252923448962,192.8539581298828,-44.17219543457031,0.06785445660352707
2355145,0,41.35301095533825,192.8539581298828,-44.17219543457031,0.044897954910993576
2355146,0,41.26956983816824,192.8539581298828,-44.17219543457031,0.015823325142264366
2355147,0,41.18228761564722,192.8539581298828,-44.17219543457031,-0.014127769507467747
2355148,0,41.09128501761191,192.8539581298828,-44.17219543457031,-0.03513481095433235
2355149,0,40.99661870024976,192.8539581298828,-44.17219543457031,-0.049797095358371735
2355150,0,40.89837441321459,192.8539581298828,-44.17219543457031,-0.05983424931764603
2355151,0,40.79665761401276,192.8539581298828,-44.17219543457031,-0.0665278211236
2355152,0,40.69152842726569,192.8539581298828,-44.17219543457031,-0.07082809507846832
2355153,0,40.5830786687197,192.8539581298828,-44.17219543457031,-0.07343631237745285
2355154,0,40.47139257207553,192.8539581298828,-44.17219543457031,-0.0748666375875473
2355155,0,40.35654624235372,192.8539581298828,-44.17219543457031,-0.07549343258142471
2355156,0,40.23863206506978,192.8539581298828,-44.17219543457031,-0.07558700442314148
2355157,0,40.11770386142411,192.8539581298828,-44.17219543457031,-0.0753403827548027
2355158,0,39.99384555054491,192.8539581298828,-44.17219543457031,-0.0748899057507515
2355159,0,39.86711102629907,192.8539581298828,-44.17219543457031,-0.07433009892702103
2355160,0,39.737538218388885,192.8539581298828,-44.17219543457031,-0.07372523844242096
2355161,0,39.60521854759368,192.8539581298828,-44.17219543457031,-0.07311782985925674
2355162,0,39.470221280654215,192.8539581298828,-44.17219543457031,-0.07253467291593552
2355163,0,39.33258354600468,192.8539581298828,-44.17219543457031,-0.0719916895031929
2355164,0,39.192359128015276,192.8539581298828,-44.17219543457031,-0.07149719446897507
2355165,0,39.04957891091146,192.8539581298828,-44.17219543457031,-0.07105433940887451
2355166,0,38.90434899751754,192.8539581298828,-44.17219543457031,-0.0706629529595375
2355167,0,38.75667754906537,192.8539581298828,-44.17219543457031,-0.07032070308923721
2355168,0,38.6066255940019,192.8539581298828,-44.17219543457031,-0.0700240284204483
2355169,0,38.45423854847956,192.8539581298828,-44.17219543457031,-0.06976871192455292
2355170,0,38.2995621818065,192.8539581298828,-44.17219543457031,-0.06955035775899887
2355171,0,38.14262753446516,192.8539581298828,-44.17219543457031,-0.06936465948820114
2355172,0,37.98351816591397,192.8539581298828,-44.17219543457031,-0.06920742243528366
2355173,0,37.82224240636972,192.8539581298828,-44.17219543457031,-0.06907489895820618
2355174,0,37.65885308706181,192.8539581298828,-44.17219543457031,-0.06907489895820618
2355175,0,37.49338132415951,192.8539581298828,-44.17219543457031,-0.06898269802331924
2355176,0,37.32587271190713,192.8539581298828,-44.17219543457031,-0.06893733888864517
2355177,0,37.15635822809978,192.8539581298828,-44.17219543457031,-0.06888679414987564
2355178,0,36.98486804078518,192.8539581298828,-44.17219543457031,-0.06883518397808075
2355179,0,36.8114481022943,192.8539581298828,-44.17219543457031,-0.06878505647182465
2355180,0,36.63611420044714,192.8539581298828,-44.17219543457031,-0.06873802095651627
2355181,0,36.45891140573785,192.8539581298828,-44.17219543457031,-0.06869494915008545
2355182,0,36.27987076358771,192.8539581298828,-44.17219543457031,-0.06865619868040085
2355183,0,36.09900735659771,192.8539581298828,-44.17219543457031,-0.06862182170152664
2355184,0,35.91634354363831,192.8539581298828,-44.17219543457031,-0.06859172880649567
2355185,0,35.73192580483915,192.8539581298828,-44.17219543457031,-0.06856551766395569
2355186,0,35.54576141763155,192.8539581298828,-44.17219543457031,-0.0685429722070694
2355187,0,35.35788817375297,192.8539581298828,-44.17219543457031,-0.06852363795042038
2355188,0,35.16832097678196,192.8539581298828,-44.17219543457031,-0.06850715726613998
2355189,0,34.97820419098944,192.8539581298828,-44.17219543457031,-0.06849319487810135
2355190,0,34.78819389615934,192.8539581298828,-44.17219543457031,-0.06848140805959702
2355191,0,34.59826648716836,192.8539581298828,-44.17219543457031,-0.06848140805959702
2355192,0,34.40842227933512,192.8539581298828,-44.17219543457031,-0.06847316771745682
2355193,0,34.218638040583905,192.8539581298828,-44.17219543457031,-0.06846912205219269
2355194,0,34.028928839784314,192.8539581298828,-44.17219543457031,-0.06846462190151215
2355195,0,33.83930301608172,192.8539581298828,-44.17218780517578,-0.06845958530902863
2355196,0,33.65426271748526,192.85401916503906,-44.16765594482422,-0.06848819553852081
2355197,0,33.47519292189702,192.85415649414062,-44.157230377197266,-0.06853748112916946
2355198,0,33.30191761346157,192.8543243408203,-44.14107894897461,-0.06859394162893295
2355199,0,33.134209161760516,192.85458374023438,-44.119422912597656,-0.06864982098340988
2355200,0,32.971868498348485,192.8549041748047,-44.09248352050781,-0.06870067119598389
2355201,0,32.814594993151076,192.8552703857422,-44.060546875,-0.06874465942382812
2355202,0,32.66209439978641,192.85569763183594,-44.0239143371582,-0.0687805563211441
2355203,0,32.514058463474164,192.85618591308594,-43.982879638671875,-0.06880851835012436
2355204,0,32.37019657642368,192.85671997070312,-43.937747955322266,-0.06882885098457336
2355205,0,32.230230466416124,192.85728454589844,-43.888797760009766,-0.0688420832157135
2355206,0,32.09388478281653,192.85787963867188,-43.83629608154297,-0.06884944438934326
2355207,0,31.96094282136137,192.85853576660156,-43.78046798706055,-0.06885181367397308
2355208,0,31.83118936425575,192.8592071533203,-43.721519470214844,-0.06885013729333878
2355209,0,31.70377466522097,192.8599395751953,-43.659637451171875,-0.06884502619504929
2355210,0,31.576431828570716,192.86070251464844,-43.59499740600586,-0.06883750855922699
2355211,0,31.449084787134986,192.86148071289062,-43.52774429321289,-0.06882800906896591
2355212,0,31.321699415999163,192.8623046875,-43.458011627197266,-0.06881717592477798
2355213,0,31.194218331588665,192.86314392089844,-43.38591766357422,-0.06880546361207962
2355214,0,31.066615019716433,192.86399841308594,-43.31155776977539,-0.06879344582557678
2355215,0,30.938859328072983,192.86489868164062,-43.235008239746094,-0.06878120452165604
2355216,0,30.810928191403445,192.86581420898438,-43.15635299682617,-0.06876922398805618
2355217,0,30.682821609245604,192.86676025390625,-43.075645446777344,-0.06875747442245483
2355218,0,30.55450960791506,192.86773681640625,-42.99294662475586,-0.06874614208936691
2355219,0,30.425995821763884,192.86871337890625,-42.90829849243164,-0.06873546540737152
2355220,0,30.29729587116304,192.86972045898438,-42.821739196777344,-0.06872546672821045
2355221,0,30.16840975781214,192.87075805664062,-42.733299255371094,-0.06871604919433594
2355222,0,30.039337120282404,192.87181091308594,-42.64301681518555,-0.0687074288725853
2355223,0,29.910112107184183,192.8728790283203,-42.55091094970703,-0.06869937479496002
2355224,0,29.780719643384526,192.8739776611328,-42.45700454711914,-0.06869193911552429
2355225,0,29.65106363680967,192.87509155273438,-42.361454010009766,-0.06868396699428558
2355226,0,29.520617325224777,192.876220703125,-42.26482391357422,-0.06867244839668274
2355227,0,29.388556785519974,192.8773651123047,-42.16796875,-0.068653903901577
2355228,0,29.253920412222254,192.8784942626953,-42.07193374633789,-0.0686257928609848
2355229,0,29.11580326693805,192.8795928955078,-41.97767639160156,-0.06858813762664795
2355230,0,28.973465903474928,192.8806610107422,-41.88601303100586,-0.0685422495007515
2355231,0,28.826289652528757,192.88169860839844,-41.797691345214844,-0.06848987191915512
2355232,0,28.6739352195026,192.8826904296875,-41.713172912597656,-0.06843399256467819
2355233,0,28.51628436329426,192.8836212158203,-41.63274383544922,-0.06837776303291321
2355234,0,28.353257168914716,192.88450622558594,-41.55661392211914,-0.06832275539636612
2355235,0,28.184853825368503,192.88534545898438,-41.484989166259766,-0.06827018409967422
2355236,0,28.011090142625616,192.88612365722656,-41.418006896972656,-0.06822093576192856
2355237,0,27.831981196498106,192.88685607910156,-41.35581970214844,-0.06817501038312912
2355238,0,27.647576760145537,192.8875274658203,-41.298545837402344,-0.06813285499811172
2355239,0,27.4579680137102,192.8881378173828,-41.24629211425781,-0.0680941790342331
2355240,0,27.26318129486152,192.88868713378906,-41.19916915893555,-0.06805858761072159
2355241,0,27.063282547038902,192.88917541503906,-41.15727996826172,-0.06802604347467422
2355242,0,26.858347149975568,192.88958740234375,-41.12070846557617,-0.06799636781215668
2355243,0,26.648663194283493,192.88995361328125,-41.08955001831055,-0.06796909123659134
2355244,0,26.4341452971723,192.89024353027344,-41.063880920410156,-0.0679439902305603
2355245,0,26.214764029115027,192.89048767089844,-41.043792724609375,-0.06792091578245163
2355246,0,25.99044672993844,192.89065551757812,-41.0294189453125,-0.06789924204349518
2355247,0,25.761247342153364,192.89076232910156,-41.020751953125,-0.0678795576095581
2355248,0,25.526557909532254,192.89077758789062,-41.01845169067383,-0.06785308569669724
2355249,0,25.290499893734104,192.89077758789062,-41.018436431884766,-0.06786274164915085
2355250,0,25.055404428821443,192.89077758789062,-41.01839828491211,-0.06789832562208176
2355251,0,24.821301642325643,192.89077758789062,-41.01834487915039,-0.06794571131467819
2355252,0,24.588199148084158,192.89077758789062,-41.01829147338867,-0.0679965540766716
2355253,0,24.356188845601185,192.89077758789062,-41.01823043823242,-0.06804656982421875
2355254,0,24.125377357037248,192.89077758789062,-41.0181770324707,-0.06809333711862564
2355255,0,23.8962760073809,192.89077758789062,-41.017948150634766,-0.06813716888427734
2355256,0,23.66928513753678,192.89077758789062,-41.01751708984375,-0.06817706674337387
2355257,0,23.444641060916357,192.8907928466797,-41.016937255859375,-0.06821238994598389
2355258,0,23.222122519965357,192.8907928466797,-41.016239166259766,-0.0682433694601059
2355259,0,23.00135133033773,192.8907928466797,-41.01544952392578,-0.06826987862586975
2355260,0,22.782202161233965,192.8907928466797,-41.01458740234375,-0.06829265505075455
2355261,0,22.56448738505444,192.8907928466797,-41.01367950439453,-0.0683121457695961
2355262,0,22.348085670178182,192.8907928466797,-41.012733459472656,-0.06832858920097351
2355263,0,22.132886589008482,192.8907928466797,-41.011756896972656,-0.06834262609481812
2355264,0,21.918810048574798,192.8907928466797,-41.01076126098633,-0.068354532122612
2355265,0,21.705748705304813,192.8907928466797,-41.0097541809082,-0.06836459785699844
2355266,0,21.493581054397012,192.8907928466797,-41.00874328613281,-0.06837310642004013
2355267,0,21.282181413749402,192.8907928466797,-41.00773239135742,-0.06838035583496094
2355268,0,21.071389036263433,192.8907928466797,-41.00672149658203,-0.0683864951133728
2355269,0,20.8609598037852,192.8907928466797,-41.00571823120117,-0.06839168071746826
2355270,0,20.650603456832847,192.8907928466797,-41.00471496582031,-0.06839610636234283
2355271,0,20.440311450588375,192.8907928466797,-41.00373077392578,-0.06839984655380249
2355272,0,20.230110487567227,192.8907928466797,-41.00274658203125,-0.06840305030345917
2355273,0,20.019969863085986,192.8907928466797,-41.00177764892578,-0.06840576231479645
2355274,0,19.809908266241163,192.8907928466797,-41.00082015991211,-0.06840801239013672
2355275,0,19.599925687601377,192.8907928466797,-40.99987030029297,-0.0684099942445755
2355276,0,19.390010674815912,192.8907928466797,-40.998939514160156,-0.06841170787811279
2355277,0,19.180175234068713,192.8907928466797,-40.998016357421875,-0.0684131607413292
2355278,0,18.970408492031744,192.8907928466797,-40.997108459472656,-0.0684143453836441
2355279,0,18.760717311294528,192.8907928466797,-40.9962158203125,-0.06841541081666946
2355280,0,18.551094249772266,192.8907928466797,-40.995330810546875,-0.06841625273227692
2355281,0,18.3415362598976,192.8907928466797,-40.994468688964844,-0.06841704994440079
2355282,0,18.132065458097173,192.8907928466797,-40.993614196777344,-0.06841769814491272
2355283,0,17.922663348798785,192.8907928466797,-40.992767333984375,-0.06841827183961868
2355284,0,17.713330126706197,192.8907928466797,-40.99193572998047,-0.06841877102851868
2355285,0,17.504073228400422,192.8907928466797,-40.99111557006836,-0.0684191882610321
2355286,0,17.29487377738088,192.8907928466797,-40.990318298339844,-0.06841953098773956
2355287,0,17.08576571530836,192.8907928466797,-40.98952102661133,-0.06841987371444702
2355288,0,16.876338058137062,192.8907928466797,-40.9891242980957,-0.06841647624969482
2355289,0,16.6665990445124,192.8907928466797,-40.98912811279297,-0.06841357797384262
2355290,0,16.456311970673546,192.8907928466797,-40.98912811279297,-0.06841357797384262
2355291,0,16.245389527969373,192.8907928466797,-40.98912811279297,-0.06841357797384262
2355292,0,16.033991771481503,192.8907928466797,-40.98912811279297,-0.06841357797384262
2355293,0,15.822271514778311,192.8907928466797,-40.98912811279297,-0.06841357797384262
2355294,0,15.610316530177856,192.8907928466797,-40.98912811279297,-0.06841510534286499
2355295,0,15.398260153138182,192.8907928466797,-40.9891242980957,-0.0684160590171814
2355296,0,15.186185310543824,192.8907928466797,-40.9891242980957,-0.0684160590171814
2355297,0,14.974191820081447,192.8907928466797,-40.9891242980957,-0.0684177353978157
2355298,0,14.76238525358175,192.8907928466797,-40.9891242980957,-0.0684177353978157
2355299,0,14.550807788999117,192.8907928466797,-40.9891242980957,-0.06841907650232315
2355300,0,14.33947510119918,192.8907928466797,-40.9891242980957,-0.06841907650232315
2355301,0,14.12844040487005,192.8907928466797,-40.98912048339844,-0.06842014193534851
2355302,0,13.917730407501221,192.8907928466797,-40.98912048339844,-0.06842014193534851
2355303,0,13.707329430858435,192.8907928466797,-40.98912048339844,-0.06842014193534851
2355304,0,13.497184519328115,192.8907928466797,-40.98912048339844,-0.06842128932476044
2355305,0,13.287196283707964,192.8907928466797,-40.98912048339844,-0.06842128932476044
2355306,0,13.07727656389976,192.8907928466797,-40.98912048339844,-0.06842128932476044
2355307,0,12.867403161243708,192.8907928466797,-40.98912048339844,-0.06842128932476044
2355308,0,12.657599220654612,192.8907928466797,-40.98912048339844,-0.06842128932476044
2355309,0,12.4479749314244,192.8907928466797,-40.98912048339844,-0.06842128932476044
2355310,0,12.238610181466415,192.8907928466797,-40.98912048339844,-0.06842128932476044
2355311,0,12.029584843143276,192.8907928466797,-40.98912048339844,-0.06842128932476044
2355312,0,11.821028367647564,192.8907928466797,-40.98912048339844,-0.06842128932476044
2355313,0,11.613444255712581,192.8907928466797,-40.98912048339844,-0.06842128932476044
2355314,0,11.407396526504018,192.8907928466797,-40.98912048339844,-0.06842128932476044
2355315,0,11.203408191739392,192.8907928466797,-40.98912048339844,-0.06842128932476044
2355316,0,11.002005584148279,192.8907928466797,-40.98912048339844,-0.06842128932476044
2355317,0,10.803692140479171,192.8907928466797,-40.98912048339844,-0.06842128932476044
2355318,0,10.608925263620321,192.8907928466797,-40.98912048339844,-0.06842128932476044
2355319,0,10.418060118742265,192.8907928466797,-40.98912048339844,-0.06842128932476044
2355320,0,10.231241322399953,192.8907928466797,-40.98912048339844,-0.06842128932476044
2355321,0,10.048587051051308,192.8907928466797,-40.98912048339844,-0.06842128932476044
2355322,0,9.870201289190833,192.8907928466797,-40.98912048339844,-0.06842128932476044
2355323,0,9.696175017387707,192.8907928466797,-40.98912048339844,-0.06842128932476044
2355324,0,9.526569226830599,192.8907928466797,-40.98912048339844,-0.06842128932476044
2355325,0,9.36145280810927,192.8907928466797,-40.98912048339844,-0.06842128932476044
2355326,0,9.200867145195607,192.8907928466797,-40.98912048339844,-0.06842128932476044
2355327,0,9.044885216270387,192.8907928466797,-40.98912048339844,-0.06842128932476044
2355328,0,8.89351898881497,192.8907928466797,-40.98912048339844,-0.06842128932476044
2355329,0,8.746879620428022,192.8907928466797,-40.98912048339844,-0.06842128932476044
2355330,0,8.605149073365524,192.8907928466797,-40.98912048339844,-0.06842128932476044
2355331,0,8.468335213436534,192.8907928466797,-40.98912048339844,-0.06842128932476044
2355332,0,8.33639986801343,192.8907928466797,-40.98912048339844,-0.06842128932476044
2355333,0,8.20934654006603,192.8907928466797,-40.98912048339844,-0.06842128932476044
2355334,0,8.087066511734582,192.8907928466797,-40.98912048339844,-0.06842128932476044
2355335,0,7.969382867940213,192.8907928466797,-40.98912048339844,-0.06842128932476044
2355336,0,7.856284059507482,192.8907928466797,-40.98912048339844,-0.06842128932476044
2355337,0,7.747775797740278,192.8907928466797,-40.98912048339844,-0.06842128932476044
2355338,0,7.643883836337318,192.8907928466797,-40.98912048339844,-0.06842128932476044
2355339,0,7.544610471227407,192.8907928466797,-40.98912048339844,-0.06842128932476044
2355340,0,7.4499641405062365,192.8907928466797,-40.98912048339844,-0.06842128932476044
2355341,0,7.359956240757389,192.8907928466797,-40.98912048339844,-0.06842128932476044
2355342,0,7.274578223474097,192.8907928466797,-40.98912048339844,-0.06842128932476044
2355343,0,7.193847978132151,192.8907928466797,-40.98912048339844,-0.06842128932476044
2355344,0,7.117764906591724,192.8907928466797,-40.98912048339844,-0.06842128932476044
2355345,0,7.046328405190197,192.8907928466797,-40.98912048339844,-0.06842128932476044
2355346,0,6.979533454991287,192.8907928466797,-40.98912048339844,-0.06842128932476044
2355347,0,6.91738533536326,192.8907928466797,-40.98912048339844,-0.06842128932476044
2355348,0,6.859879628254531,192.8907928466797,-40.98912048339844,-0.06842128932476044
2355349,0,6.807009590948759,192.8907928466797,-40.98912048339844,-0.06842128932476044
2355350,0,6.7587470179630325,192.8907928466797,-40.98912048339844,-0.06842128932476044
2355351,0,6.715096914054853,192.8907928466797,-40.98912048339844,-0.06842128932476044
2355352,0,6.67605074642167,192.8907928466797,-40.98912048339844,-0.06842128932476044
2355353,0,6.641606499648544,192.8907928466797,-40.98912048339844,-0.06842128932476044
2355354,0,6.611766479390722,192.8907928466797,-40.98912048339844,-0.06842128932476044
2355355,0,6.586523658039324,192.8907928466797,-40.98912048339844,-0.06842128932476044
2355356,0,6.565877728341441,192.8907928466797,-40.98912048339844,-0.06842128932476044
2355357,0,6.549828688806603,192.8907928466797,-40.98912048339844,-0.06842128932476044
2355358,0,6.538349836928243,192.8907928466797,-40.98912048339844,-0.06842128932476044
2355359,0,6.53144529042466,192.8907928466797,-40.98912048339844,-0.06842128932476044
2355360,0,6.528939063020744,192.8907928466797,-40.98912048339844,-0.06842128932476044
2355361,0,6.528908205914364,192.8907928466797,-40.98912048339844,-0.06842128932476044
2355362,0,6.528834952016052,192.8907928466797,-40.98912048339844,-0.06842128932476044
2355363,0,6.528742410403262,192.8907928466797,-40.98912048339844,-0.06842128932476044
2355364,0,6.528642162256975,192.8907928466797,-40.98912048339844,-0.06842128932476044
2355365,0,6.528545736855873,192.8907928466797,-40.98912048339844,-0.06842128932476044
2355366,0,6.528449368035853,192.8907928466797,-40.98912048339844,-0.06842128932476044
2355367,0,6.528368338438694,192.8907928466797,-40.98912048339844,-0.06842128932476044
2355368,0,6.528291215393702,192.8907928466797,-40.98912048339844,-0.06842128932476044
2355369,0,6.52822944313046,192.8907928466797,-40.98912048339844,-0.06842128932476044
2355370,0,6.528344745273766,192.8907928466797,-40.98894119262695,-0.0686328113079071
2355371,0,6.528425167624739,192.8907928466797,-40.988807678222656,-0.06875671446323395
2355372,0,6.5285548083001546,192.8907928466797,-40.9886360168457,-0.06882083415985107
2355373,0,6.528810082150619,192.8907928466797,-40.988338470458984,-0.06884517520666122
2355374,0,6.52951908764321,192.8907928466797,-40.98760223388672,-0.06884540617465973
2355375,0,6.53152950825496,192.89083862304688,-40.985565185546875,-0.0688362866640091
2355376,0,6.534580787062476,192.890869140625,-40.98249435424805,-0.06881827861070633
2355377,0,6.539043701055874,192.8909149169922,-40.97802734375,-0.06879764050245285
2355378,0,6.544796517192621,192.89100646972656,-40.972259521484375,-0.06877456605434418
2355379,0,6.552135587625745,192.89108276367188,-40.96490478515625,-0.06875358521938324
2355380,0,6.5608332908288745,192.89122009277344,-40.95619201660156,-0.06873229891061783
2355381,0,6.57127365576172,192.89132690429688,-40.94573974609375,-0.06871524453163147
2355382,0,6.583793221645146,192.89146423339844,-40.93320846557617,-0.06870318949222565
2355383,0,6.598502584093352,192.89163208007812,-40.91848373413086,-0.0686948373913765
2355384,0,6.615253289842118,192.891845703125,-40.90172576904297,-0.06868801265954971
2355385,0,6.6338613593690345,192.89205932617188,-40.88310623168945,-0.0686810314655304
2355386,0,6.654308332617001,192.89230346679688,-40.862648010253906,-0.06867457926273346
2355387,0,6.676627936616113,192.89254760742188,-40.8403205871582,-0.06866912543773651
2355388,0,6.700775004135498,192.892822265625,-40.81616973876953,-0.06866408884525299
2355389,0,6.72670788144006,192.8931427001953,-40.79022979736328,-0.06865940243005753
2355390,0,6.754410116466663,192.89344787597656,-40.76252365112305,-0.0686550885438919
2355391,0,6.783844769440665,192.893798828125,-40.73308563232422,-0.06865116208791733
2355392,0,6.81500331694027,192.89414978027344,-40.701927185058594,-0.06864753365516663
2355393,0,6.847859957455617,192.89454650878906,-40.669063568115234,-0.068644218146801
2355394,0,6.882413821745503,192.8949432373047,-40.6345100402832,-0.06864123791456223
2355395,0,6.918650211066422,192.89537048339844,-40.59827423095703,-0.06863857060670853
2355396,0,6.956553296105034,192.8957977294922,-40.560367584228516,-0.06863617151975632
2355397,0,6.99612396420172,192.89627075195312,-40.52079772949219,-0.06863407045602798
2355398,0,7.037345782033191,192.896728515625,-40.479576110839844,-0.06863216310739517
2355399,0,7.080220224661833,192.89724731445312,-40.43669891357422,-0.06863044947385788
2355400,0,7.12473438364972,192.8977508544922,-40.39218521118164,-0.06862892210483551
2355401,0,7.1708856207532605,192.89830017089844,-40.34603500366211,-0.06862758845090866
2355402,0,7.21866924605841,192.8988494873047,-40.29825210571289,-0.06862636655569077
2355403,0,7.268070590550166,192.89942932128906,-40.24885177612305,-0.06862525641918182
2355404,0,7.3190890750794,192.90000915527344,-40.19783020019531,-0.06862415373325348
2355405,0,7.371725576941506,192.900634765625,-40.14519500732422,-0.06862320005893707
2355406,0,7.425963959383858,192.90126037597656,-40.09095764160156,-0.06862232089042664
2355407,0,7.481805107049401,192.9019317626953,-40.035118103027344,-0.0686214417219162
2355408,0,7.539240229675598,192.902587890625,-39.977684020996094,-0.06862068176269531
2355409,0,7.598266390556304,192.9032745361328,-39.91865921020508,-0.06861991435289383
2355410,0,7.658879484903488,192.9039764404297,-39.85804748535156,-0.06861919164657593
2355411,0,7.721068357286892,192.9047088623047,-39.795860290527344,-0.06861850619316101
2355412,0,7.784832442067811,192.9054412841797,-39.73209762573242,-0.0686178207397461
2355413,0,7.850244783405775,192.9062042236328,-39.66676330566406,-0.06861720979213715
2355414,0,7.916431592116334,192.906982421875,-39.59986114501953,-0.06861652433872223
2355415,0,7.984037838546651,192.9077911376953,-39.53140640258789,-0.06861591339111328
2355416,0,8.05260819874517,192.9086151123047,-39.46139907836914,-0.06861530244350433
2355417,0,8.121418513420483,192.909423828125,-39.38983917236328,-0.06861472874879837
2355418,0,8.190592574971582,192.91029357910156,-39.316741943359375,-0.06861411780118942
2355419,0,8.260070134667584,192.91114807128906,-39.24209976196289,-0.06861350685358047
2355420,0,8.329835469598533,192.91204833984375,-39.16592788696289,-0.06861293315887451
2355421,0,8.399303301294802,192.91294860839844,-39.088226318359375,-0.06861236691474915
2355422,0,8.468645322028493,192.91387939453125,-39.00900650024414,-0.06861183047294617
2355423,0,8.537502432499066,192.91482543945312,-38.92826461791992,-0.06861118227243423
2355424,0,8.605809538722436,192.915771484375,-38.84600830078125,-0.06861064583063126
2355425,0,8.673674556723515,192.916748046875,-38.762245178222656,-0.06861011683940887
2355426,0,8.740929648982844,192.91775512695312,-38.676979064941406,-0.06860954314470291
2355427,0,8.807517064806106,192.91876220703125,-38.590213775634766,-0.06860900670289993
2355428,0,8.87352426923554,192.91978454589844,-38.501953125,-0.06860847026109695
2355429,0,8.938963515143813,192.92083740234375,-38.41221237182617,-0.06860790401697159
2355430,0,9.005237972988192,192.92189025878906,-38.320980072021484,-0.06860733032226562
2355431,0,9.073012339009333,192.92298889160156,-38.228271484375,-0.06860664486885071
2355432,0,9.142277846953666,192.924072265625,-38.13409423828125,-0.06860622018575668
2355433,0,9.21301591786612,192.92518615722656,-38.03845977783203,-0.06860553473234177
2355434,0,9.285192199958642,192.92633056640625,-37.94139862060547,-0.06860470026731491
2355435,0,9.358752751679413,192.92745971679688,-37.84295654296875,-0.068603515625
2355436,0,9.433668903103644,192.9286346435547,-37.74317169189453,-0.06860191375017166
2355437,0,9.50987317169958,192.92979431152344,-37.64209747314453,-0.0685998871922493
2355438,0,9.5873178191676,192.9309844970703,-37.539791107177734,-0.06859725713729858
2355439,0,9.66593748084245,192.9322052001953,-37.43632125854492,-0.06859416514635086
2355440,0,9.745674425315354,192.93341064453125,-37.33173751831055,-0.06859058141708374
2355441,0,9.826453158582751,192.9346466064453,-37.22611618041992,-0.06858649849891663
2355442,0,9.908215691329584,192.93589782714844,-37.11951446533203,-0.06858199834823608
2355443,0,9.990905335083944,192.93714904785156,-37.011993408203125,-0.06857704371213913
2355444,0,10.074453180344658,192.9384002685547,-36.903621673583984,-0.06857181340456009
2355445,0,10.158802276296063,192.93966674804688,-36.794456481933594,-0.06856624782085419
2355446,0,10.243898969863999,192.94094848632812,-36.68455123901367,-0.06856048107147217
2355447,0,10.329686818405346,192.94224548339844,-36.5739631652832,-0.06855453550815582
2355448,0,10.416103265305734,192.9435272216797,-36.46274948120117,-0.06854850798845291
2355449,0,10.503099750087845,192.94482421875,-36.3509635925293,-0.06854244321584702
2355450,0,10.590577098127667,192.9461212158203,-36.238643646240234,-0.06853633373975754
2355451,0,10.67779149744893,192.9474639892578,-36.12583923339844,-0.06853031367063522
2355452,0,10.76434602776068,192.94879150390625,-36.01258850097656,-0.06852436065673828
2355453,0,10.84997295879781,192.9501190185547,-35.89893341064453,-0.06851856410503387
2355454,0,10.93448210030939,192.95144653320312,-35.784908294677734,-0.06851287931203842
2355455,0,11.01770970616072,192.95277404785156,-35.67054748535156,-0.06850738078355789
2355456,0,11.099552055620531,192.9541015625,-35.55588150024414,-0.0685020461678505
2355457,0,11.179910485027035,192.95542907714844,-35.44093322753906,-0.06849697232246399
2355458,0,11.258715849747785,192.95675659179688,-35.32573318481445,-0.06849208474159241
2355459,0,11.335900239818569,192.9580841064453,-35.210304260253906,-0.0684875100851059
2355460,0,11.411397826230067,192.95941162109375,-35.094669342041016,-0.06848308444023132
2355461,0,11.485183632939913,192.9607696533203,-34.97884750366211,-0.06847892701625824
2355462,0,11.557206596205189,192.96214294433594,-34.86285400390625,-0.06847500056028366
2355463,0,11.627432878054014,192.96351623535156,-34.74671173095703,-0.06847133487462997
2355464,0,11.695850545307797,192.96487426757812,-34.630428314208984,-0.06846786290407181
2355465,0,11.762425755190373,192.96624755859375,-34.514015197753906,-0.06846462190151215
2355466,0,11.827131321745789,192.9676055908203,-34.397491455078125,-0.06846164911985397
2355467,0,11.889952711539825,192.96897888183594,-34.28086471557617,-0.06845878809690475
2355468,0,11.950870850306757,192.97035217285156,-34.164146423339844,-0.06845618784427643
2355469,0,12.009873326206458,192.97171020507812,-34.04734420776367,-0.06845378875732422
2355470,0,12.066945605001983,192.97308349609375,-33.93046188354492,-0.06845153868198395
2355471,0,12.122071947017785,192.9744415283203,-33.813514709472656,-0.0684494748711586
2355472,0,12.175238292498438,192.97581481933594,-33.69650650024414,-0.06844756752252579
2355473,0,12.226439386335263,192.97718811035156,-33.57944107055664,-0.06844581663608551
2355474,0,12.27567213141385,192.97854614257812,-33.46232223510742,-0.06844421476125717
2355475,0,12.322921029718563,192.97991943359375,-33.345157623291016,-0.0684426873922348
2355476,0,12.368174639363396,192.9812774658203,-33.22795104980469,-0.06844135373830795
2355477,0,12.411440823239458,192.98265075683594,-33.1107063293457,-0.06844009459018707
2355478,0,12.452696221075149,192.98402404785156,-32.993431091308594,-0.06843898445367813
2355479,0,12.491959904024128,192.98538208007812,-32.87611770629883,-0.06843791902065277
2355480,0,12.529220902795677,192.98675537109375,-32.7587776184082,-0.06843700259923935
2355481,0,12.56447087947424,192.9881134033203,-32.64141082763672,-0.06843612343072891
2355482,0,12.597725799204143,192.98948669433594,-32.524017333984375,-0.06843528896570206
2355483,0,12.628989005057518,192.99085998535156,-32.4066047668457,-0.06843459606170654
2355484,0,12.65826407685763,192.99221801757812,-32.28916931152344,-0.06843391060829163
2355485,0,12.685540510668302,192.99359130859375,-32.171714782714844,-0.06843333691358566
2355486,0,12.710836674093908,192.9949493408203,-32.05424499511719,-0.06843280792236328
2355487,0,12.734162335923422,192.99632263183594,-31.936758041381836,-0.06843230873346329
2355488,0,12.7555232176496,192.99769592285156,-31.819252014160156,-0.06843189150094986
2355489,0,12.77491550527717,192.99905395507812,-31.70173454284668,-0.06843147426843643
2355490,0,12.792349428921831,193.00042724609375,-31.584203720092773,-0.06843113154172897
2355491,0,12.807836945964723,193.0017852783203,-31.46666145324707,-0.06843078136444092
2355492,0,12.821393027247428,193.00315856933594,-31.349105834960938,-0.06843052059412003
2355493,0,12.833005071745339,193.00453186035156,-31.23154067993164,-0.06843025237321854
2355494,0,12.842707869027484,193.00588989257812,-31.11395835876465,-0.06843002140522003
2355495,0,12.85049638652686,193.00726318359375,-30.996368408203125,-0.06842979043722153
2355496,0,12.856379467397154,193.0086212158203,-30.878768920898438,-0.0684296041727066
2355497,0,12.860361383766929,193.00999450683594,-30.761159896850586,-0.06842944771051407
2355498,0,12.862461433462876,193.01136779785156,-30.64354133605957,-0.06842929869890213
2355499,0,12.862675113452442,193.01272583007812,-30.525917053222656,-0.0684291422367096
2355500,0,12.861024317515627,193.01409912109375,-30.40828514099121,-0.06842899322509766
2355501,0,12.857512400376923,193.0154571533203,-30.29064178466797,-0.06842883676290512
2355502,0,12.852141728235626,193.01683044433594,-30.172992706298828,-0.06842872500419617
2355503,0,12.844938313374751,193.01820373535156,-30.055334091186523,-0.0684286504983902
2355504,0,12.8358944587009,193.01956176757812,-29.937667846679688,-0.06842856854200363
2355505,0,12.825019623285078,193.02093505859375,-29.81999397277832,-0.06842849403619766
2355506,0,12.812331331921916,193.0222930908203,-29.702314376831055,-0.0684284195303917
2355507,0,12.797833262680705,193.02366638183594,-29.584625244140625,-0.06842834502458572
2355508,0,12.781540966471434,193.02503967285156,-29.466930389404297,-0.06842830777168274
2355509,0,12.763463561500739,193.02639770507812,-29.349227905273438,-0.06842822581529617
2355510,0,12.743591540162164,193.02777099609375,-29.23151969909668,-0.06842818856239319
2355511,0,12.723453109881353,193.0291290283203,-29.11380386352539,-0.0684281513094902
2355512,0,12.703388640585615,193.03050231933594,-28.99608039855957,-0.06842807680368423
2355513,0,12.683394557208977,193.03187561035156,-28.87835121154785,-0.06842807680368423
2355514,0,12.66346035952255,193.03323364257812,-28.7606143951416,-0.06842807680368423
2355515,0,12.64357886820004,193.03460693359375,-28.642873764038086,-0.06842803955078125
2355516,0,12.623754146522469,193.0359649658203,-28.525123596191406,-0.06842803955078125
2355517,0,12.603987359740124,193.03733825683594,-28.407367706298828,-0.06842803955078125
2355518,0,12.584263482498503,193.03871154785156,-28.28960609436035,-0.06842803955078125
2355519,0,12.564602784103606,193.04006958007812,-28.171836853027344,-0.06842800229787827
2355520,0,12.544993565561452,193.04144287109375,-28.054061889648438,-0.06842796504497528
2355521,0,12.525438463943718,193.0428009033203,-27.936281204223633,-0.06842796504497528
2355522,0,12.505944143816095,193.04417419433594,-27.818492889404297,-0.06842796504497528
2355523,0,12.486502508271734,193.04554748535156,-27.70069694519043,-0.06842796504497528
2355524,0,12.467116667718427,193.04690551757812,-27.582897186279297,-0.06842796504497528
2355525,0,12.447791616529368,193.04827880859375,-27.465089797973633,-0.0684279203414917
2355526,0,12.428517117614964,193.0496368408203,-27.34727668762207,-0.0684279203414917
2355527,0,12.409304852449882,193.05101013183594,-27.22945785522461,-0.0684279203414917
2355528,0,12.390147897913804,193.05238342285156,-27.11163330078125,-0.0684279203414917
2355529,0,12.371050810220837,193.05374145507812,-26.99380111694336,-0.0684279203414917
2355530,0,12.352007364768406,193.05511474609375,-26.875961303710938,-0.0684279203414917
2355531,0,12.33232572691231,193.0564727783203,-26.75811767578125,-0.0684279203414917
2355532,0,12.30995107156806,193.05784606933594,-26.64026641845703,-0.06842788308858871
2355533,0,12.284991518683084,193.05921936035156,-26.522409439086914,-0.06842788308858871
2355534,0,12.25753699432423,193.06057739257812,-26.404544830322266,-0.06842788308858871
2355535,0,12.227648786105863,193.06195068359375,-26.28667640686035,-0.06842788308858871
2355536,0,12.195384121654339,193.0633087158203,-26.168800354003906,-0.06842788308858871
2355537,0,12.160792360831978,193.06468200683594,-26.05091667175293,-0.06842788308858871
2355538,0,12.12391614794027,193.06605529785156,-25.933029174804688,-0.06842784583568573
2355539,0,12.084806055682698,193.06741333007812,-25.815135955810547,-0.06842788308858871
2355540,0,12.043506630515733,193.06878662109375,-25.697235107421875,-0.06842788308858871
2355541,0,12.00005410194365,193.0701446533203,-25.579328536987305,-0.06842784583568573
2355542,0,11.954479433845675,193.07151794433594,-25.461416244506836,-0.06842788308858871
2355543,0,11.906829388818498,193.07289123535156,-25.343496322631836,-0.06842784583568573
2355544,0,11.857129438078907,193.07424926757812,-25.225570678710938,-0.06842784583568573
2355545,0,11.805406730060948,193.07562255859375,-25.10763931274414,-0.06842784583568573
2355546,0,11.751698724204214,193.0769805908203,-24.989702224731445,-0.06842784583568573
2355547,0,11.696099777922322,193.07835388183594,-24.87175750732422,-0.06842784583568573
2355548,0,11.638720056477563,193.07972717285156,-24.753808975219727,-0.06842784583568573
2355549,0,11.579706411849024,193.08108520507812,-24.63585090637207,-0.06842784583568573
2355550,0,11.519158241083177,193.08245849609375,-24.51789093017578,-0.06842784583568573
2355551,0,11.457209046588158,193.0838165283203,-24.399921417236328,-0.06842784583568573
2355552,0,11.394160855637319,193.08518981933594,-24.281946182250977,-0.06842784583568573
2355553,0,11.330033647409019,193.08656311035156,-24.163965225219727,-0.06842784583568573
2355554,0,11.264964070458973,193.08792114257812,-24.045978546142578,-0.06842784583568573
2355555,0,11.199094889859628,193.08929443359375,-23.92798614501953,-0.06842788308858871
2355556,0,11.13256207577111,193.0906524658203,-23.80998420715332,-0.06842788308858871
2355557,0,11.065412132326568,193.09202575683594,-23.691980361938477,-0.06842788308858871
2355558,0,10.997657753195085,193.09339904785156,-23.5739688873291,-0.06842784583568573
2355559,0,10.929292315692596,193.09475708007812,-23.455951690673828,-0.06842784583568573
2355560,0,10.860433389574382,193.09613037109375,-23.337926864624023,-0.06842788308858871
2355561,0,10.791207129486097,193.0974884033203,-23.21989631652832,-0.06842784583568573
2355562,0,10.721809313008317,193.09886169433594,-23.10186004638672,-0.06842784583568573
2355563,0,10.652765151837693,193.10023498535156,-22.98381805419922,-0.06842784583568573
2355564,0,10.584679229733847,193.10159301757812,-22.865768432617188,-0.06842784583568573
2355565,0,10.518101055094743,193.10296630859375,-22.74771499633789,-0.06842788308858871
2355566,0,10.453559150392218,193.1043243408203,-22.62965202331543,-0.06842784583568573
2355567,0,10.39153029086107,193.10569763183594,-22.511587142944336,-0.06842784583568573
2355568,0,10.332476511357214,193.10707092285156,-22.393512725830078,-0.06842784583568573
2355569,0,10.27672970327955,193.10842895507812,-22.275434494018555,-0.06842784583568573
2355570,0,10.224478028442313,193.10980224609375,-22.1573486328125,-0.06842784583568573
2355571,0,10.175869429789422,193.1111602783203,-22.039257049560547,-0.06842788308858871
2355572,0,10.131024503578981,193.11253356933594,-21.921159744262695,-0.06842788308858871
2355573,0,10.090053549602498,193.11390686035156,-21.803056716918945,-0.06842788308858871
2355574,0,10.05306467595453,193.11526489257812,-21.684946060180664,-0.06842788308858871
2355575,0,10.020153660965656,193.11663818359375,-21.56682777404785,-0.06842788308858871
2355576,0,9.991401683015347,193.1179962158203,-21.448705673217773,-0.06842788308858871
2355577,0,9.966830172758758,193.11936950683594,-21.330577850341797,-0.06842788308858871
2355578,0,9.946103973934322,193.12074279785156,-21.212444305419922,-0.06842788308858871
2355579,0,9.928738642836056,193.12210083007812,-21.094301223754883,-0.06842788308858871
2355580,0,9.914169374399183,193.12347412109375,-20.976154327392578,-0.06842788308858871
2355581,0,9.901901664346635,193.1248321533203,-20.858001708984375,-0.06842788308858871
2355582,0,9.89189359405701,193.12620544433594,-20.739843368530273,-0.06842780858278275
2355583,0,9.884039244279597,193.12757873535156,-20.621679306030273,-0.06842780858278275
2355584,0,9.878138377075866,193.12893676757812,-20.503507614135742,-0.06842780858278275
2355585,0,9.873996800335423,193.13031005859375,-20.38532829284668,-0.06842780858278275
2355586,0,9.871434221069483,193.1316680908203,-20.26714515686035,-0.06842780858278275
2355587,0,9.870253083324814,193.13304138183594,-20.148956298828125,-0.06842780858278275
2355588,0,9.87019881623082,193.13441467285156,-20.030759811401367,-0.06842780858278275
2355589,0,9.87097225852846,193.13577270507812,-19.91255760192871,-0.06842780858278275
2355590,0,9.872262243853395,193.13714599609375,-19.794349670410156,-0.06842780858278275
2355591,0,9.87374530647456,193.1385040283203,-19.676136016845703,-0.06842780858278275
2355592,0,9.875085919184604,193.13987731933594,-19.55791664123535,-0.06842780858278275
2355593,0,9.876020794553833,193.14125061035156,-19.43968963623047,-0.06842780858278275
2355594,0,9.876348952995897,193.14260864257812,-19.321456909179688,-0.06842780858278275
2355595,0,9.875974189023404,193.14398193359375,-19.203218460083008,-0.06842780858278275
2355596,0,9.87479925400928,193.1453399658203,-19.08497428894043,-0.06842784583568573
2355597,0,9.872681699792494,193.14671325683594,-18.96672248840332,-0.06842784583568573
2355598,0,9.86949537871942,193.14808654785156,-18.848466873168945,-0.06842784583568573
2355599,0,9.865128645414032,193.14944458007812,-18.73020362854004,-0.06842788308858871
2355600,0,9.85949787942164,193.15081787109375,-18.611934661865234,-0.06842788308858871
2355601,0,9.85252518237898,193.1521759033203,-18.49365997314453,-0.06842788308858871
2355602,0,9.844188847404629,193.15354919433594,-18.375377655029297,-0.0684279203414917
2355603,0,9.83469806022042,193.15492248535156,-18.257091522216797,-0.0684279203414917
2355604,0,9.824188199745366,193.15628051757812,-18.138797760009766,-0.0684279203414917
2355605,0,9.812947458436994,193.15765380859375,-18.020498275756836,-0.0684279203414917
2355606,0,9.800712416102416,193.1590118408203,-17.902191162109375,-0.0684279203414917
2355607,0,9.787692961422513,193.16038513183594,-17.78388023376465,-0.0684279203414917
2355608,0,9.773963052751515,193.16175842285156,-17.66556167602539,-0.0684279203414917
2355609,0,9.759555377365897,193.16311645507812,-17.547239303588867,-0.0684279203414917
2355610,0,9.744551391576765,193.16448974609375,-17.42890739440918,-0.0684279203414917
2355611,0,9.728934023523827,193.1658477783203,-17.310571670532227,-0.0684279203414917
2355612,0,9.712667768260655,193.16722106933594,-17.192230224609375,-0.0684279203414917
2355613,0,9.695699340345413,193.16859436035156,-17.073881149291992,-0.0684279203414917
2355614,0,9.678037716040464,193.16995239257812,-16.95552635192871,-0.0684279203414917
2355615,0,9.659749368192701,193.17132568359375,-16.83716583251953,-0.0684279203414917
2355616,0,9.640970289124398,193.1726837158203,-16.718799591064453,-0.0684279203414917
2355617,0,9.621799679294245,193.17405700683594,-16.600427627563477,-0.0684279203414917
2355618,0,9.602273956520373,193.17543029785156,-16.48204803466797,-0.0684279203414917
2355619,0,9.582464083794761,193.17678833007812,-16.363662719726562,-0.0684279203414917
2355620,0,9.562521544539559,193.17816162109375,-16.245271682739258,-0.0684279203414917
2355621,0,9.542545324675324,193.1795196533203,-16.126874923706055,-0.0684279203414917
2355622,0,9.522610288160966,193.18089294433594,-16.00847053527832,-0.0684279203414917
2355623,0,9.50271088540233,193.18226623535156,-15.89006233215332,-0.0684279203414917
2355624,0,9.482825013738186,193.18362426757812,-15.771647453308105,-0.0684279203414917
2355625,0,9.462990669626501,193.18499755859375,-15.653225898742676,-0.0684279203414917
2355626,0,9.443303076249977,193.1863555908203,-15.534799575805664,-0.06842784583568573
2355627,0,9.423898116716096,193.18772888183594,-15.416365623474121,-0.06842784583568573
2355628,0,9.405290795943753,193.18910217285156,-15.297926902770996,-0.06842784583568573
2355629,0,9.388023551096447,193.19046020507812,-15.17948055267334,-0.06842784583568573
2355630,0,9.372610817176849,193.19183349609375,-15.061030387878418,-0.06842784583568573
2355631,0,9.359543156347,193.1931915283203,-14.942571640014648,-0.06842784583568573
2355632,0,9.350077371006613,193.19456481933594,-14.824091911315918,-0.06842800229787827
2355633,0,9.345050019456714,193.19593811035156,-14.705485343933105,-0.06842891871929169
2355634,0,9.344938081909278,193.19729614257812,-14.586576461791992,-0.06843135505914688
2355635,0,9.349955424417054,193.19869995117188,-14.467193603515625,-0.06843559443950653
2355636,0,9.36022732502123,193.2001190185547,-14.347199440002441,-0.06844139099121094
2355637,0,9.375853593189053,193.20152282714844,-14.226475715637207,-0.06844844669103622
2355638,0,9.396918656893192,193.2029266357422,-14.104933738708496,-0.06845634430646896
2355639,0,9.423502614467523,193.204345703125,-13.982491493225098,-0.06846477091312408
2355640,0,9.45566191128813,193.20579528808594,-13.859084129333496,-0.0684734359383583
2355641,0,9.493451273545915,193.20724487304688,-13.734659194946289,-0.0684821680188179
2355642,0,9.536917293399563,193.2086944580078,-13.609167098999023,-0.0683484598994255
2355643,0,9.586093820384681,193.21017456054688,-13.482572555541992,-0.06816200166940689
2355644,0,9.641014014744416,193.21165466308594,-13.354846954345703,-0.06805988401174545
2355645,0,9.701706503640803,193.21316528320312,-13.225960731506348,-0.06801208108663559
2355646,0,9.76799278497195,193.2146759033203,-13.095894813537598,-0.06799834966659546
2355647,0,9.839246948422666,193.21620178222656,-12.964630126953125,-0.06800525635480881
2355648,0,9.914803120546528,193.21774291992188,-12.832155227661133,-0.0680239126086235
2355649,0,9.993788916407617,193.2193145751953,-12.698461532592773,-0.06804847717285156
2355650,0,10.074339644019046,193.2208709716797,-12.563542366027832,-0.06807541102170944
2355651,0,10.156120753748278,193.2224578857422,-12.427391052246094,-0.06810237467288971
2355652,0,10.2392705800318,193.22406005859375,-12.290006637573242,-0.06812804937362671
2355653,0,10.323931126731702,193.2256622314453,-12.151389122009277,-0.06815162301063538
2355654,0,10.410332081158176,193.227294921875,-12.011537551879883,-0.06817298382520676
2355655,0,10.498574754172788,193.22894287109375,-11.87045669555664,-0.06819194555282593
2355656,0,10.58864485039297,193.23060607910156,-11.728145599365234,-0.06820850074291229
2355657,0,10.681002909843443,193.23228454589844,-11.584609031677246,-0.06822292506694794
2355658,0,10.776105305563267,193.2339630126953,-11.43985366821289,-0.06823524087667465
2355659,0,10.87439996139064,193.23565673828125,-11.2938814163208,-0.06824588775634766
2355660,0,10.975968432434616,193.2373809814453,-11.146698951721191,-0.06825485080480576
2355661,0,11.080271361728567,193.2390899658203,-10.998311996459961,-0.068262480199337
2355662,0,11.186598765453857,193.24085998535156,-10.848726272583008,-0.06826885044574738
2355663,0,11.294493513614704,193.24261474609375,-10.69795036315918,-0.0682741180062294
2355664,0,11.403621598305284,193.24436950683594,-10.545989990234375,-0.06827861815690994
2355665,0,11.513613448905382,193.2461700439453,-10.392849922180176,-0.06828220188617706
2355666,0,11.624108640590393,193.2479705810547,-10.238540649414062,-0.06828513741493225
2355667,0,11.73481129855128,193.24978637695312,-10.083067893981934,-0.06828754395246506
2355668,0,11.845496108584191,193.25161743164062,-9.926440238952637,-0.06828945130109787
2355669,0,11.956003854197771,193.25344848632812,-9.76866340637207,-0.06829094141721725
2355670,0,12.066191522901471,193.25531005859375,-9.609747886657715,-0.06829208135604858
2355671,0,12.175951368204045,193.25718688964844,-9.449698448181152,-0.0682927668094635
2355672,0,12.285205536430798,193.25906372070312,-9.28852367401123,-0.06829334050416946
2355673,0,12.393885348570103,193.26095581054688,-9.12623405456543,-0.06829372048377991
2355674,0,12.50192122204317,193.2628631591797,-8.962833404541016,-0.0682939887046814
2355675,0,12.609259671196314,193.26478576660156,-8.798331260681152,-0.06829383969306946
2355676,0,12.715856501242634,193.26673889160156,-8.632735252380371,-0.06829380244016647
2355677,0,12.821681285334426,193.26866149902344,-8.466054916381836,-0.06829360872507095
2355678,0,12.926718288235651,193.27064514160156,-8.298295021057129,-0.06829314678907394
2355679,0,13.030917662102222,193.2726287841797,-8.129464149475098,-0.06829272955656052
2355680,0,13.13426347582759,193.2746124267578,-7.959572792053223,-0.0682922750711441
2355681,0,13.236736010606128,193.27664184570312,-7.788625240325928,-0.06829166412353516
2355682,0,13.338297136496056,193.2786407470703,-7.616630554199219,-0.06829105317592621
2355683,0,13.438930301549584,193.2807159423828,-7.443597316741943,-0.06829036772251129
2355684,0,13.53862580728814,193.28277587890625,-7.26953125,-0.06828971952199936
2355685,0,13.637351411579537,193.2848663330078,-7.094440937042236,-0.06828907132148743
2355686,0,13.735102025358517,193.2869415283203,-6.918333530426025,-0.06828826665878296
2355687,0,13.831861910483376,193.2890625,-6.741216659545898,-0.06828754395246506
2355688,0,13.927629712480936,193.2911834716797,-6.563098430633545,-0.06828673928976059
2355689,0,14.022391406419183,193.29335021972656,-6.38398551940918,-0.06828594207763672
2355690,0,14.116144219602392,193.29551696777344,-6.203885555267334,-0.06828517466783524
2355691,0,14.208891198063439,193.29771423339844,-6.022806167602539,-0.0682843029499054
2355692,0,14.300625188065263,193.29991149902344,-5.840753078460693,-0.06828353554010391
2355693,0,14.391341991800111,193.3021697998047,-5.6577348709106445,-0.06828273832798004
2355694,0,14.48104408927347,193.30441284179688,-5.473757743835449,-0.06828197091817856
2355695,0,14.56972318365646,193.30670166015625,-5.288830280303955,-0.06828117370605469
2355696,0,14.657382040792898,193.30897521972656,-5.102958679199219,-0.06828029453754425
2355697,0,14.744025621233066,193.31130981445312,-4.9161505699157715,-0.06827964633703232
2355698,0,14.829649252364995,193.3136749267578,-4.728411674499512,-0.06827876716852188
2355699,0,14.914251028037524,193.31605529785156,-4.539749622344971,-0.06827793270349503
2355700,0,14.997837436089382,193.3184356689453,-4.3501715660095215,-0.06827716529369354
2355701,0,15.080405240676939,193.3208770751953,-4.1596832275390625,-0.06827636808156967
2355702,0,15.161959979740187,193.32333374023438,-3.968292713165283,-0.06827548891305923
2355703,0,15.242503794044998,193.32579040527344,-3.776005983352661,-0.06827468425035477
2355704,0,15.322038047079994,193.3283233642578,-3.582829713821411,-0.06827396154403687
2355705,0,15.400563584422615,193.33084106445312,-3.388770580291748,-0.068273164331913
2355706,0,15.478084672584414,193.33338928222656,-3.1938350200653076,-0.06827232241630554
2355707,0,15.554602624925046,193.33599853515625,-2.998029947280884,-0.06827151775360107
2355708,0,15.630120363039556,193.33859252929688,-2.801361560821533,-0.06827079504728317
2355709,0,15.704643629464407,193.3412322998047,-2.6038362979888916,-0.06827003508806229
2355710,0,15.778174018809327,193.34390258789062,-2.4054603576660156,-0.0682692676782608
2355711,0,15.85069857228909,193.34657287597656,-2.20624041557312,-0.0682685449719429
2355712,0,15.922825397284173,193.3492889404297,-2.0061824321746826,-0.06826778501272202
2355713,0,15.995871665645343,193.35205078125,-1.8052927255630493,-0.06826705485582352
2355714,0,16.069811359958017,193.3548126220703,-1.6035774946212769,-0.06826633214950562
2355715,0,16.144623111660874,193.3576202392578,-1.4010430574417114,-0.06826557219028473
2355716,0,16.22030107871414,193.36044311523438,-1.1976947784423828,-0.06826480478048325
2355717,0,16.296828811381793,193.36329650878906,-0.993539571762085,-0.06826400756835938
2355718,0,16.3742029154658,193.3661651611328,-0.7885830402374268,-0.06826343387365341
2355719,0,16.45242148883114,193.3690643310547,-0.5828312039375305,-0.06826271116733551
2355720,0,16.53147097779161,193.37196350097656,-0.3762897551059723,-0.06826190650463104
2355721,0,16.611348463202507,193.3749237060547,-0.16896472871303558,-0.06826125830411911
2355722,0,16.692053198590887,193.3778839111328,0.039138030260801315,-0.06826053559780121
2355723,0,16.77357292423597,193.38087463378906,0.24801291525363922,-0.06825996190309525
2355724,0,16.85590560311991,193.3838653564453,0.45765408873558044,-0.06825908273458481
2355725,0,16.939044278709513,193.3869171142578,0.6680558919906616,-0.06825847178697586
2355726,0,17.02298108249951,193.3899383544922,0.8792126178741455,-0.06825778633356094
2355727,0,17.107713024568678,193.3930206298828,1.0911188125610352,-0.06825706362724304
2355728,0,17.19323392096877,193.39610290527344,1.3037688732147217,-0.0682564526796341
2355729,0,17.279536916264483,193.39920043945312,1.5171571969985962,-0.06825580447912216
2355730,0,17.366621518312922,193.40231323242188,1.7312785387039185,-0.06825515627861023
2355731,0,17.454480761690576,193.4054412841797,1.94612717628479,-0.06825454533100128
2355732,0,17.543110035111162,193.40858459472656,2.1616978645324707,-0.0682537853717804
2355733,0,17.63039481283016,193.41172790527344,2.3779852390289307,-0.06825317442417145
2355734,0,17.715738386685704,193.41490173339844,2.594984292984009,-0.06825252622365952
2355735,0,17.799237579150475,193.41807556152344,2.812689781188965,-0.06825191527605057
2355736,0,17.88095869781615,193.42127990722656,3.0310957431793213,-0.06825122982263565
2355737,0,17.960951913323214,193.4244842529297,3.2501978874206543,-0.0682506188750267
2355738,0,18.03926627941575,193.4276885986328,3.4699902534484863,-0.06825004518032074
2355739,0,18.11595036098168,193.43093872070312,3.6904683113098145,-0.06824939697980881
2355740,0,18.191041411561667,193.43417358398438,3.9116265773773193,-0.06824882328510284
2355741,0,18.26457818077643,193.4374237060547,4.133460521697998,-0.0682482123374939
2355742,0,18.336598567465163,193.44065856933594,4.355964183807373,-0.06824756413698196
2355743,0,18.407133100043488,193.4439239501953,4.579133987426758,-0.06824695318937302
2355744,0,18.476212462029423,193.44720458984375,4.802963733673096,-0.06824646145105362
2355745,0,18.543862270768162,193.45050048828125,5.027449131011963,-0.06824581325054169
2355746,0,18.610109960268577,193.4537811279297,5.252585411071777,-0.06824520230293274
2355747,0,18.674978289757295,193.45706176757812,5.478367328643799,-0.06824466586112976
2355748,0,18.738491036830744,193.4603729248047,5.704791069030762,-0.0682440921664238
2355749,0,18.80066602515703,193.46368408203125,5.931850433349609,-0.0682436004281044
2355750,0,18.861523743279736,193.46702575683594,6.159542560577393,-0.06824298948049545
2355751,0,18.9210779401423,193.47036743164062,6.387861251831055,-0.06824245303869247
2355752,0,18.97934785120145,193.4737091064453,6.616801738739014,-0.06824184209108353
2355753,0,19.03634460961932,193.4770050048828,6.846360206604004,-0.06824130564928055
2355754,0,19.092086045558553,193.4803009033203,7.07653284072876,-0.06824065744876862
2355755,0,19.146581946131143,193.48362731933594,7.307314395904541,-0.06824024021625519
2355756,0,19.19984306267151,193.48692321777344,7.538699626922607,-0.06823959201574326
2355757,0,19.251881396282823,193.49024963378906,7.770685195922852,-0.06823917478322983
2355758,0,19.302706003693952,193.4935302734375,8.003266334533691,-0.06823848932981491
2355759,0,19.35232621473111,193.49681091308594,8.236438751220703,-0.06823799014091492
2355760,0,19.40074920371859,193.5000762939453,8.470196723937988,-0.0682375356554985
2355761,0,19.447989315326218,193.50331115722656,8.704538345336914,-0.06823692470788956
2355762,0,19.49404751074989,193.5065460205078,8.939457893371582,-0.0682365819811821
2355763,0,19.53893141899798,193.50973510742188,9.17495059967041,-0.06823588907718658
2355764,0,19.58264816450162,193.51290893554688,9.41101360321045,-0.06823543459177017
2355765,0,19.625203230029587,193.51605224609375,9.647642135620117,-0.0682348981499672
2355766,0,19.666602026253702,193.51918029785156,9.884832382202148,-0.06823451817035675
2355767,0,19.7068526724581,193.5222625732422,10.122580528259277,-0.06823406368494034
2355768,0,19.745954312161075,193.5252685546875,10.360880851745605,-0.06823337078094482
2355769,0,19.783916871989494,193.5282745361328,10.5997314453125,-0.06823291629552841
2355770,0,19.820740001914317,193.53121948242188,10.83912467956543,-0.06823237985372543
2355771,0,19.85643210907007,193.53411865234375,11.079061508178711,-0.06823199987411499
2355772,0,19.890994087534157,193.53697204589844,11.319534301757812,-0.0682315081357956
2355773,0,19.92443006468388,193.53977966308594,11.560540199279785,-0.06823104619979858
2355774,0,19.956745352842365,193.54251098632812,11.80207633972168,-0.0682305097579956
2355775,0,19.98794371343626,193.54519653320312,12.044137001037598,-0.06823009252548218
2355776,0,20.01802824451864,193.5478057861328,12.286718368530273,-0.06822967529296875
2355777,0,20.04700319423526,193.5503692626953,12.52981948852539,-0.06822921335697174
2355778,0,20.074869590421393,193.55282592773438,12.773432731628418,-0.06822875887155533
2355779,0,20.101633544805466,193.55526733398438,13.017557144165039,-0.06822829693555832
2355780,0,20.127295897598753,193.55763244628906,13.262187004089355,-0.06822776794433594
2355781,0,20.151861554157346,193.55992126464844,13.507320404052734,-0.0682273879647255
2355782,0,20.175331424502538,193.56211853027344,13.752951622009277,-0.06822700053453445
2355783,0,20.197711326881645,193.5642547607422,13.999079704284668,-0.06822654604911804
2355784,0,20.219000136545557,193.5662841796875,14.245697021484375,-0.0682259351015091
2355785,0,20.239202419677326,193.56822204589844,14.492802619934082,-0.06822551786899567
2355786,0,20.258322608698332,193.57009887695312,14.740392684936523,-0.06822509318590164
2355787,0,20.276361592218976,193.57186889648438,14.988462448120117,-0.0682247132062912
2355788,0,20.293346850384545,193.57359313964844,15.23701000213623,-0.06822437047958374
2355789,0,20.309338417814885,193.5751953125,15.486031532287598,-0.06822387874126434
2355790,0,20.32439381428958,193.57669067382812,15.735522270202637,-0.06822352856397629
2355791,0,20.338580541964546,193.578125,15.985480308532715,-0.06822307407855988
2355792,0,20.351972331608312,193.57945251464844,16.23590087890625,-0.06822261959314346
2355793,0,20.36548444613871,193.58067321777344,16.48678207397461,-0.06822219491004944
2355794,0,20.38026425491591,193.58181762695312,16.73811912536621,-0.06822177767753601
2355795,0,20.397039494351578,193.58287048339844,16.989910125732422,-0.06822139769792557
2355796,0,20.41651323499283,193.58380126953125,17.242149353027344,-0.06822097301483154
2355797,0,20.43922020786544,193.5846710205078,17.494834899902344,-0.06822066754102707
2355798,0,20.46446478381371,193.58538818359375,17.747962951660156,-0.06822025030851364
2355799,0,20.490894221257804,193.58604431152344,18.001529693603516,-0.06821994483470917
2355800,0,20.517833388047023,193.5865936279297,18.255535125732422,-0.06821952760219574
2355801,0,20.545276153480113,193.58705139160156,18.509971618652344,-0.06821906566619873
2355802,0,20.573230195921496,193.58737182617188,18.76483917236328,-0.0682186484336853
2355803,0,20.601694540951332,193.58763122558594,19.020132064819336,-0.06821834295988083
2355804,0,20.630669706488394,193.58778381347656,19.275848388671875,-0.06821796298027039
2355805,0,20.660155944066197,193.58782958984375,19.531986236572266,-0.06821762025356293
2355806,0,20.69023888595086,193.58778381347656,19.788537979125977,-0.06821712106466293
2355807,0,20.721563817948734,193.58763122558594,20.04550552368164,-0.06821677833795547
2355808,0,20.754861103047446,193.58740234375,20.302885055541992,-0.06821655482053757
2355809,0,20.790830744861292,193.58705139160156,20.560670852661133,-0.06821613013744354
2355810,0,20.83000466972037,193.5865936279297,20.81886100769043,-0.06821582466363907
2355811,0,20.87164946299059,193.58604431152344,21.07745361328125,-0.06821544468402863
2355812,0,20.914393823256425,193.5854034423828,21.336444854736328,-0.06821510195732117
2355813,0,20.95708392515914,193.58468627929688,21.59583282470703,-0.06821464747190475
2355814,0,20.99815409108187,193.58384704589844,21.85561180114746,-0.0682142972946167
2355815,0,21.037772735269588,193.5829315185547,22.11578369140625,-0.06821395456790924
2355816,0,21.07612986336899,193.58192443847656,22.376338958740234,-0.06821361184120178
2355817,0,21.113367197804365,193.580810546875,22.637279510498047,-0.06821330636739731
2355818,0,21.14960713638139,193.57962036132812,22.89859962463379,-0.06821300089359283
2355819,0,21.184985804063096,193.57833862304688,23.160303115844727,-0.0682125836610794
2355820,0,21.219639922518475,193.57696533203125,23.422380447387695,-0.06821231544017792
2355821,0,21.253726200121157,193.5754852294922,23.684831619262695,-0.06821200996637344
2355822,0,21.287405149574187,193.5739288330078,23.947650909423828,-0.06821155548095703
2355823,0,21.320823039425,193.57229614257812,24.210840225219727,-0.06821128726005554
2355824,0,21.35411698984388,193.57058715820312,24.474393844604492,-0.06821098178625107
2355825,0,21.387533284561403,193.56878662109375,24.73830795288086,-0.06821063905954361
2355826,0,21.421713617746864,193.56690979003906,25.002582550048828,-0.06821037083864212
2355827,0,21.45731642473652,193.56494140625,25.2672119140625,-0.06820999085903168
2355828,0,21.494961707263062,193.5629119873047,25.532196044921875,-0.06820972263813019
2355829,0,21.535230256538558,193.560791015625,25.79753303527832,-0.06820941716432571
2355830,0,21.57866685865158,193.55859375,26.06321907043457,-0.06820914894342422
2355831,0,21.625779894958644,193.5563201904297,26.32925033569336,-0.06820888072252274
2355832,0,21.67694722048976,193.553955078125,26.595624923706055,-0.06820850074291229
2355833,0,21.732290830931216,193.55154418945312,26.862340927124023,-0.06820826977491379
2355834,0,21.791528545266985,193.5490264892578,27.12939453125,-0.06820792704820633
2355835,0,21.854148655877967,193.54641723632812,27.39678382873535,-0.06820758432149887
2355836,0,21.919624954632663,193.5437774658203,27.66451072692871,-0.06820736080408096
2355837,0,21.987998083052698,193.54107666015625,27.932565689086914,-0.0682070180773735
2355838,0,22.0588651011144,193.5382843017578,28.20094871520996,-0.06820663064718246
2355839,0,22.13240441366266,193.53543090820312,28.46965789794922,-0.06820640712976456
2355840,0,22.208876041879464,193.5325164794922,28.738691329956055,-0.06820621341466904
2355841,0,22.28774063178364,193.529541015625,29.008047103881836,-0.06820590794086456
2355842,0,22.36831441643732,193.52650451660156,29.277721405029297,-0.06820563971996307
2355843,0,22.450319356829475,193.52337646484375,29.547712326049805,-0.0682053342461586
2355844,0,22.533509554504008,193.52023315429688,29.818016052246094,-0.06820506602525711
2355845,0,22.617612617850178,193.5170135498047,30.088634490966797,-0.06820480525493622
2355846,0,22.70232529881119,193.51373291015625,30.359561920166016,-0.06820449978113174
2355847,0,22.787374354388316,193.51039123535156,30.630800247192383,-0.06820423156023026
2355848,0,22.87252660439963,193.50698852539062,30.902339935302734,-0.0682038888335228
2355849,0,22.957595103306133,193.50355529785156,31.174184799194336,-0.06820358335971832
2355850,0,23.042420051902347,193.5000762939453,31.446327209472656,-0.06820342689752579
2355851,0,23.12687367167468,193.49652099609375,31.71877098083496,-0.06820320338010788
2355852,0,23.21084142459455,193.492919921875,31.99151039123535,-0.06820281594991684
2355853,0,23.294228836718258,193.48927307128906,32.26454544067383,-0.06820259243249893
2355854,0,23.37694713070164,193.485595703125,32.53786849975586,-0.06820228695869446
2355855,0,23.458933355283328,193.4818572998047,32.811485290527344,-0.06820213049650192
2355856,0,23.54012251296891,193.47808837890625,33.08538818359375,-0.06820186227560043
2355857,0,23.620468787892992,193.47425842285156,33.359580993652344,-0.068201445043087
2355858,0,23.699917879120743,193.4703826904297,33.634056091308594,-0.06820137053728104
2355859,0,23.778434379975995,193.4664764404297,33.908809661865234,-0.06820102781057358
2355860,0,23.85598114110953,193.46253967285156,34.183841705322266,-0.06820083409547806
2355861,0,23.932543878208723,193.45855712890625,34.45915603637695,-0.06820056587457657
2355862,0,24.0081251637469,193.45452880859375,34.7347412109375,-0.0682002604007721
2355863,0,24.08271920817963,193.45046997070312,35.01060104370117,-0.06820011138916016
2355864,0,24.15630603830998,193.4463653564453,35.28673553466797,-0.06819991767406464
2355865,0,24.228854010714798,193.4422149658203,35.56313705444336,-0.06819964945316315
2355866,0,24.30034671859964,193.4380645751953,35.839805603027344,-0.06819938868284225
2355867,0,24.370768895038513,193.4338836669922,36.11674118041992,-0.06819919496774673
2355868,0,24.44010345253144,193.4296417236328,36.39393997192383,-0.06819892674684525
2355869,0,24.508336544023894,193.42538452148438,36.6713981628418,-0.06819858402013779
2355870,0,24.575465525205377,193.4210968017578,36.949119567871094,-0.06819839030504227
2355871,0,24.64147221715302,193.4167938232422,37.22709655761719,-0.06819820404052734
2355872,0,24.706354739071955,193.4124298095703,37.50532913208008,-0.06819797307252884
2355873,0,24.770374273597486,193.4080352783203,37.7838134765625,-0.0681978240609169
2355874,0,24.8346550783485,193.4036407470703,38.06255340576172,-0.06819755584001541
2355875,0,24.899284208828256,193.39923095703125,38.34154510498047,-0.06819728761911392
2355876,0,24.964252078980977,193.394775390625,38.620784759521484,-0.06819705665111542
2355877,0,25.029550252501735,193.3903045654297,38.9002685546875,-0.06819690763950348
2355878,0,25.09517956348244,193.38580322265625,39.18000030517578,-0.06819663941860199
2355879,0,25.16113235642578,193.38128662109375,39.4599723815918,-0.0681963711977005
2355880,0,25.227412823519156,193.37673950195312,39.74018859863281,-0.06819625943899155
2355881,0,25.294011223761515,193.37216186523438,40.0206413269043,-0.06819606572389603
2355882,0,25.360933478434404,193.36756896972656,40.301334381103516,-0.06819591671228409
2355883,0,25.428175774655017,193.3629608154297,40.5822639465332,-0.0681956484913826
2355884,0,25.495735037207996,193.35833740234375,40.863426208496094,-0.06819545477628708
2355885,0,25.563607330650335,193.3536834716797,41.14481735229492,-0.06819522380828857
2355886,0,25.631803745200124,193.34901428222656,41.426448822021484,-0.06819503754377365
2355887,0,25.700310896628704,193.34434509277344,41.70830535888672,-0.06819480657577515
2355888,0,25.769128403855948,193.3396453857422,41.99039077758789,-0.06819462031126022
2355889,0,25.838254548494177,193.33493041992188,42.27269744873047,-0.06819438934326172
2355890,0,25.90769227195471,193.33023071289062,42.555233001708984,-0.06819415837526321
2355891,0,25.977440206831087,193.32546997070312,42.83799362182617,-0.0681939646601677
2355892,0,26.04749425381968,193.3207244873047,43.1209716796875,-0.06819377839565277
2355893,0,26.117850675566768,193.31593322753906,43.40416717529297,-0.06819354742765427
2355894,0,26.187467139384246,193.31114196777344,43.687583923339844,-0.06819339841604233
2355895,0,26.25591839867932,193.3063507080078,43.97121047973633,-0.06819320470094681
2355896,0,26.323244352772466,193.3015594482422,44.25505447387695,-0.06819301098585129
2355897,0,26.38947994098117,193.2967071533203,44.53911209106445,-0.06819282472133636
2355898,0,26.454658829076596,193.29188537597656,44.82338333129883,-0.06819266825914383
2355899,0,26.51881583596035,193.28704833984375,45.10786437988281,-0.06819251924753189
2355900,0,26.58200664254304,193.2821807861328,45.39255905151367,-0.06819228827953339
2355901,0,26.644301936819257,193.27731323242188,45.67745590209961,-0.06819217652082443
2355902,0,26.705757017924576,193.27243041992188,45.96255874633789,-0.06819198280572891
2355903,0,26.76641219017748,193.26754760742188,46.24786376953125,-0.06819179654121399
2355904,0,26.826303684961424,193.26266479492188,46.53337478637695,-0.06819167733192444
2355905,0,26.885470036685003,193.2577667236328,46.81908416748047,-0.06819145381450653
2355906,0,26.94395675295492,193.2528533935547,47.10499572753906,-0.06819118559360504
2355907,0,27.0017890208281,193.2479248046875,47.39109802246094,-0.06819099187850952
2355908,0,27.059022413968,193.2429962158203,47.677406311035156,-0.06819088011980057
2355909,0,27.115673699695105,193.23809814453125,47.963905334472656,-0.06819064915180206
2355910,0,27.171782481575757,193.23313903808594,48.25059509277344,-0.0681905746459961
2355911,0,27.22739374178795,193.22817993164062,48.537479400634766,-0.06819041818380356
2355912,0,27.282546427706624,193.2232208251953,48.824554443359375,-0.06819026917219162
2355913,0,27.337299940597795,193.21826171875,49.111820220947266,-0.06819003820419312
2355914,0,27.391705790885812,193.2133026123047,49.39927291870117,-0.06818996369838715
2355915,0,27.44583142277828,193.2083282470703,49.686912536621094,-0.06818973273038864
2355916,0,27.499729861482038,193.203369140625,49.97473907470703,-0.0681895837187767
2355917,0,27.553472112678556,193.19837951660156,50.262752532958984,-0.06818946450948715
2355918,0,27.607098266663975,193.19337463378906,50.55094528198242,-0.06818919628858566
2355919,0,27.660666660409785,193.18836975097656,50.83932113647461,-0.06818904727697372
2355920,0,27.714249938609235,193.18338012695312,51.12787628173828,-0.06818897277116776
2355921,0,27.767904646379243,193.17837524414062,51.41661071777344,-0.06818866729736328
2355922,0,27.821662513130278,193.17337036132812,51.70551681518555,-0.06818854808807373
2355923,0,27.875612176292513,193.1683807373047,51.99460220336914,-0.06818843632936478
2355924,0,27.929818313355668,193.1633758544922,52.28386688232422,-0.06818832457065582
2355925,0,27.984301150095007,193.15834045410156,52.57330322265625,-0.06818820536136627
2355926,0,28.039044358616696,193.15328979492188,52.86290740966797,-0.06818794459104538
2355927,0,28.094081076016895,193.14825439453125,53.15269088745117,-0.06818778812885284
2355928,0,28.149429466997145,193.1432342529297,53.44263458251953,-0.06818775087594986
2355929,0,28.205160528358004,193.13819885253906,53.73275375366211,-0.0681876391172409
2355930,0,28.261377393966765,193.13316345214844,54.02303695678711,-0.06818744540214539
2355931,0,28.318451979914354,193.1281280517578,54.31348419189453,-0.06818721443414688
2355932,0,28.37612386631023,193.12307739257812,54.60409927368164,-0.06818713992834091
2355933,0,28.43436795977744,193.1180419921875,54.89488220214844,-0.06818687170743942
2355934,0,28.49314817373219,193.11300659179688,55.18581771850586,-0.06818679720163345
2355935,0,28.552429027203388,193.10792541503906,55.47692108154297,-0.06818675994873047
2355936,0,28.612140265324026,193.10284423828125,55.76818084716797,-0.06818649172782898
2355937,0,28.67224742091289,193.09776306152344,56.05960464477539,-0.06818637996912003
2355938,0,28.732731129781847,193.0926971435547,56.3511848449707,-0.06818622350692749
2355939,0,28.793559596594815,193.08761596679688,56.64292526245117,-0.06818611174821854
2355940,0,28.854671344426333,193.08253479003906,56.934818267822266,-0.06818599253892899
2355941,0,28.916018706004575,193.07745361328125,57.226863861083984,-0.06818584352731705
2355942,0,28.97755973817124,193.07237243652344,57.51906204223633,-0.06818568706512451
2355943,0,29.0392830146244,193.0673065185547,57.81141662597656,-0.06818557530641556
2355944,0,29.101179335294574,193.06222534179688,58.10391616821289,-0.06818542629480362
2355945,0,29.163256192940704,193.05714416503906,58.39656448364258,-0.06818526983261108
2355946,0,29.225529190648604,193.05206298828125,58.689369201660156,-0.0681852325797081
2355947,0,29.287995638560346,193.04698181152344,58.98231887817383,-0.06818515807390213
2355948,0,29.350688463722243,193.04188537597656,59.275413513183594,-0.06818503886461258
2355949,0,29.41360943151038,193.03677368164062,59.56865692138672,-0.06818481534719467
2355950,0,29.476715605133084,193.0316619873047,59.86204147338867,-0.06818465888500214
2355951,0,29.540018761637523,193.0265350341797,60.15556335449219,-0.0681845098733902
2355952,0,29.603518399844408,193.0214080810547,60.4492301940918,-0.06818435341119766
2355953,0,29.66720811251506,193.0162811279297,60.743045806884766,-0.06818420439958572
2355954,0,29.731050785742415,193.01116943359375,61.03699493408203,-0.06818424165248871
2355955,0,29.795047602486267,193.0060577392578,61.33108901977539,-0.06818408519029617
2355956,0,29.859190890803095,193.0009307861328,61.62532043457031,-0.06818386167287827
2355957,0,29.9234630985961,192.99581909179688,61.9196891784668,-0.0681837797164917
2355958,0,29.987849628638674,192.9906768798828,62.21419906616211,-0.06818370521068573
2355959,0,30.0523303332515,192.98556518554688,62.50883483886719,-0.06818366795778275
2355960,0,30.11691577280754,192.98043823242188,62.80360794067383,-0.06818339973688126
2355961,0,30.181604876468736,192.97537231445312,63.098514556884766,-0.0681832879781723
2355962,0,30.24641153651977,192.97027587890625,63.3935546875,-0.06818325072526932
2355963,0,30.311339210991513,192.96519470214844,63.688724517822266,-0.06818309426307678
2355964,0,30.376381148858655,192.96011352539062,63.9840202331543,-0.06818294525146484
2355965,0,30.441560589816117,192.95501708984375,64.27944946289062,-0.06818290799856186
2355966,0,30.506865206673936,192.94993591308594,64.57499694824219,-0.06818271428346634
2355967,0,30.57232622063586,192.94483947753906,64.87067413330078,-0.06818260252475739
2355968,0,30.637946737800473,192.93975830078125,65.16646575927734,-0.06818240880966187
2355969,0,30.703785214659913,192.93467712402344,65.46238708496094,-0.06818214058876038
2355970,0,30.76983766034794,192.92958068847656,65.75840759277344,-0.06818199157714844
2355971,0,30.836100615112187,192.92453002929688,66.05455017089844,-0.06818176060914993
2355972,0,30.902559001374787,192.91946411132812,66.35079956054688,-0.06818152964115143
2355973,0,30.969212822524252,192.9144287109375,66.64714813232422,-0.06818126887083054
2355974,0,31.036070782769045,192.9093780517578,66.94361114501953,-0.0681808814406395
2355975,0,31.103112926599,192.90432739257812,67.24016571044922,-0.06818065792322159
2355976,0,31.170355057111422,192.89927673339844,67.53682708740234,-0.06818042695522308
2355977,0,31.237763036292662,192.8942413330078,67.83356475830078,-0.06817996501922607
2355978,0,31.30536267826692,192.8892364501953,68.13040161132812,-0.06817970424890518
2355979,0,31.373139820461446,192.88421630859375,68.42732238769531,-0.06817936152219772
2355980,0,31.44108285850515,192.8791961669922,68.72431945800781,-0.06817909330129623
2355981,0,31.50920234296704,192.8742218017578,69.02140045166016,-0.06817875057458878
2355982,0,31.57748775835565,192.86923217773438,69.31855773925781,-0.0681784451007843
2355983,0,31.64594583572221,192.8642578125,69.61579132080078,-0.06817813962697983
2355984,0,31.714564587378117,192.8592987060547,69.91309356689453,-0.06817764043807983
2355985,0,31.783347832787793,192.8543243408203,70.21046447753906,-0.06817733496427536
2355986,0,31.852283197155927,192.84939575195312,70.50789642333984,-0.06817695498466492
2355987,0,31.921373360433474,192.84445190429688,70.80538940429688,-0.06817661225795746
2355988,0,31.990614486069198,192.8395233154297,71.10294342041016,-0.06817630678415298
2355989,0,32.06000923435203,192.8346405029297,71.40055847167969,-0.0681760385632515
2355990,0,32.12954002212574,192.82974243164062,71.6982192993164,-0.06817558407783508
2355991,0,32.200381140321895,192.82485961914062,71.99593353271484,-0.06817524135112762
2355992,0,32.27287986167186,192.8199920654297,72.293701171875,-0.06817501038312912
2355993,0,32.34685763944094,192.8151397705078,72.59151458740234,-0.06817459315061569
2355994,0,32.422127359565515,192.81028747558594,72.88936614990234,-0.06817428767681122
2355995,0,32.49853662622476,192.8054656982422,73.18726348876953,-0.06817401945590973
2355996,0,32.57596737959396,192.80064392089844,73.4852066040039,-0.06817367672920227
2355997,0,32.65436660177237,192.7958526611328,73.7831802368164,-0.06817340850830078
2355998,0,32.73374192243205,192.79107666015625,74.08119201660156,-0.06817310303449631
2355999,0,32.814066449687125,192.7863006591797,74.37924194335938,-0.06817290931940079
2356000,0,32.89528678003169,192.78155517578125,74.67731475830078,-0.0681726410984993
2356001,0,32.97731537274602,192.77682495117188,74.97542572021484,-0.06817229837179184
2356002,0,33.06002539074543,192.77212524414062,75.2735595703125,-0.06817203015089035
2356003,0,33.14330355389038,192.7674102783203,75.57173156738281,-0.06817180663347244
2356004,0,33.2269660017438,192.76275634765625,75.86992645263672,-0.06817161291837692
2356005,0,33.31086131236946,192.75808715820312,76.16814422607422,-0.06817134469747543
2356006,0,33.39484835497467,192.75344848632812,76.46637725830078,-0.0681711956858635
2356007,0,33.47889700159541,192.7488250732422,76.7646484375,-0.06817089021205902
2356008,0,33.56301623169,192.7442169189453,77.06293487548828,-0.06817065924406052
2356009,0,33.64720242712353,192.7396240234375,77.36123657226562,-0.06817051023244858
2356010,0,33.731443957150695,192.7350616455078,77.65956115722656,-0.06817031651735306
