ts,agent_id,throttle,steer,brake
5281297,0,0.8999999761581421,-0.016013912856578827,0.0
5281298,0,0.8999999761581421,-0.004772836808115244,0.0
5281299,0,0.8999999761581421,-0.011299662292003632,0.0
5281300,0,0.8999999761581421,-0.006637191865593195,0.0
5281301,0,0.8999999761581421,-0.00479417247697711,0.0
5281302,0,0.8999999761581421,-0.0038452891167253256,0.0
5281303,0,0.8999999761581421,-0.01217213086783886,0.0
5281304,0,0.8999999761581421,-0.0070673138834536076,0.0
5281305,0,0.8999999761581421,-0.0004752938402816653,0.0
5281306,0,0.8999999761581421,-0.001190409529954195,0.0
5281307,0,0.8999999761581421,-0.0013859326718375087,0.0
5281308,0,0.8999999761581421,-0.0018966449424624443,0.0
5281309,0,0.8999999761581421,-0.000686473969835788,0.0
5281310,0,0.8999999761581421,-0.00162790366448462,0.0
5281311,0,0.8999999761581421,-0.0017640540609136224,0.0
5281312,0,0.8999999761581421,-0.000747943005990237,0.0
5281313,0,0.8999999761581421,-0.0032087666913866997,0.0
5281314,0,0.8999999761581421,-0.0031401508022099733,0.0
5281315,0,0.8999999761581421,-0.004164194688200951,0.0
5281316,0,0.8999999761581421,-0.0015806618612259626,0.0
5281317,0,0.8999999761581421,-0.0004429178952705115,0.0
5281318,0,0.8999999761581421,-0.0005752263241447508,0.0
5281319,0,0.8999999761581421,-0.0010564136318862438,0.0
5281320,0,0.8999999761581421,-0.00017620484868530184,0.0
5281321,0,0.8999999761581421,-0.002196761779487133,0.0
5281322,0,0.8999999761581421,-0.0011476522777229548,0.0
5281323,0,0.8999999761581421,-0.0032134875655174255,0.0
5281324,0,0.8999999761581421,-0.0009636693866923451,0.0
5281325,0,0.8999999761581421,-0.0011459847446531057,0.0
5281326,0,0.8999999761581421,-0.002024360466748476,0.0
5281327,0,0.8999999761581421,-0.003083027433604002,0.0
5281328,0,0.8999999761581421,-0.0011814904864877462,0.0
5281329,0,0.8999999761581421,-0.003113075625151396,0.0
5281330,0,0.8999999761581421,-0.0017180071445181966,0.0
5281331,0,0.8999999761581421,-0.0012566597433760762,0.0
5281332,0,0.8999999761581421,-0.0017928513698279858,0.0
5281333,0,0.8999999761581421,-0.0003160056658089161,0.0
5281334,0,0.8999999761581421,-0.0010922244982793927,0.0
5281335,0,0.8999999761581421,-0.002074717776849866,0.0
5281336,0,0.8999999761581421,-0.000483180396258831,0.0
5281337,0,0.8999999761581421,-0.002097780117765069,0.0
5281338,0,0.8999999761581421,-0.0024721415247768164,0.0
5281339,0,0.8999999761581421,-0.002223425777629018,0.0
5281340,0,0.8999999761581421,-0.0024568631779402494,0.0
5281341,0,0.8999999761581421,-0.002234003972262144,0.0
5281342,0,0.8999999761581421,-0.0021361929830163717,0.0
5281343,0,0.8999999761581421,-0.0033715323079377413,0.0
5281344,0,0.8999999761581421,0.00030642221099697053,0.0
5281345,0,0.8999999761581421,-0.001949949306435883,0.0
5281346,0,0.8999999761581421,0.0003962434711866081,0.0
5281347,0,0.8999999761581421,-0.0009883923921734095,0.0
5281348,0,0.8999999761581421,-0.001017612754367292,0.0
5281349,0,0.8999999761581421,0.00035149574978277087,0.0
5281350,0,0.8999999761581421,-0.0007805511704646051,0.0
5281351,0,0.8999999761581421,-0.00046061514876782894,0.0
5281352,0,0.8999999761581421,-0.0004786269273608923,0.0
5281353,0,0.8999999761581421,-0.00140471663326025,0.0
5281354,0,0.8999999761581421,-0.002428976120427251,0.0
5281355,0,0.8999999761581421,-0.0013866664376109838,0.0
5281356,0,0.8999999761581421,-0.0019891445990651846,0.0
5281357,0,0.8999999761581421,-0.000145063255331479,0.0
5281358,0,0.8999999761581421,-0.0014357042964547873,0.0
5281359,0,0.8999999761581421,-0.0016054046573117375,0.0
5281360,0,0.8999999761581421,-0.0017535955412313342,0.0
5281361,0,0.8999999761581421,-0.0015433338703587651,0.0
5281362,0,0.8999999761581421,-0.0017147887265309691,0.0
5281363,0,0.8999999761581421,-0.0019384988117963076,0.0
5281364,0,0.8999999761581421,-0.001655366038903594,0.0
5281365,0,0.8999999761581421,3.6837485822616145e-05,0.0
5281366,0,0.8999999761581421,-0.0006859786808490753,0.0
5281367,0,0.8999999761581421,-0.0012835690286010504,0.0
5281368,0,0.8999999761581421,0.00040158239426091313,0.0
5281369,0,0.8999999761581421,0.000642773462459445,0.0
5281370,0,0.8999999761581421,0.0009464650065638125,0.0
5281371,0,0.8999999761581421,-0.000520470377523452,0.0
5281372,0,0.8999999761581421,-0.0009078360162675381,0.0
5281373,0,0.8999999761581421,6.638659397140145e-05,0.0
5281374,0,0.8999999761581421,-0.000794905936345458,0.0
5281375,0,0.8999999761581421,-0.0019214474596083164,0.0
5281376,0,0.8999999761581421,0.00016112985031213611,0.0
5281377,0,0.8999999761581421,-0.0018953775288537145,0.0
5281378,0,0.8999999761581421,-0.0018278425559401512,0.0
5281379,0,0.8999999761581421,-0.003384439740329981,0.0
5281380,0,0.8999999761581421,-0.0031603812240064144,0.0
5281381,0,0.8999999761581421,-0.0015356712974607944,0.0
5281382,0,0.8999999761581421,-0.0025518396869301796,0.0
5281383,0,0.8999999761581421,-0.002248503966256976,0.0
5281384,0,0.8999999761581421,-3.756746446015313e-05,0.0
5281385,0,0.8999999761581421,-0.002513765823096037,0.0
5281386,0,0.8999999761581421,0.0005586724728345871,0.0
5281387,0,0.8999999761581421,-0.00010378330625826493,0.0
5281388,0,0.8999999761581421,-0.0011140849674120545,0.0
5281389,0,0.8999999761581421,0.00034410067019052804,0.0
5281390,0,0.8999999761581421,-0.0010829222155734897,0.0
5281391,0,0.8999999761581421,-0.0013400318566709757,0.0
5281392,0,0.8999999761581421,-0.00070755067281425,0.0
5281393,0,0.8999999761581421,-0.0014400258660316467,0.0
5281394,0,0.8999999761581421,-0.0017620279686525464,0.0
5281395,0,0.8999999761581421,-0.0014162013540044427,0.0
5281396,0,0.8999999761581421,-0.001072018058039248,0.0
5281397,0,0.8999999761581421,0.0004949638969264925,0.0
5281398,0,0.8999999761581421,0.00041022402001544833,0.0
5281399,0,0.8999999761581421,-0.001267703017219901,0.0
5281400,0,0.8999999761581421,0.0009525808854959905,0.0
5281401,0,0.8999999761581421,-6.266129639698192e-05,0.0
5281402,0,0.8999999761581421,0.001313463901169598,0.0
5281403,0,0.8999999761581421,0.00067525525810197,0.0
5281404,0,0.8999999761581421,-3.883531826431863e-05,0.0
5281405,0,0.8999999761581421,0.0008886801660992205,0.0
5281406,0,0.8999999761581421,0.0005870775203220546,0.0
5281407,0,0.8999999761581421,0.00048099757987074554,0.0
5281408,0,0.8999999761581421,4.610235191648826e-05,0.0
5281409,0,0.8999999761581421,0.00016884796787053347,0.0
5281410,0,0.8999999761581421,0.000366082473192364,0.0
5281411,0,0.8999999761581421,0.00026727240765467286,0.0
5281412,0,0.8999999761581421,0.0001333992840955034,0.0
5281413,0,0.8999999761581421,0.0011881598038598895,0.0
5281414,0,0.8999999761581421,-0.0002033959171967581,0.0
5281415,0,0.8999999761581421,-0.00019864751084242016,0.0
5281416,0,0.8999999761581421,0.00032268374343402684,0.0
5281417,0,0.8999999761581421,-3.606340033002198e-05,0.0
5281418,0,0.8999999761581421,-0.000635449483525008,0.0
5281419,0,0.8999999761581421,-0.0010968231363222003,0.0
5281420,0,0.8999999761581421,0.00012330198660492897,0.0
5281421,0,0.8999999761581421,-0.0003395301173441112,0.0
5281422,0,0.8999999761581421,-0.001927520614117384,0.0
5281423,0,0.8999999761581421,-0.0019449461251497269,0.0
5281424,0,0.8999999761581421,-0.003988819196820259,0.0
5281425,0,0.8999999761581421,-0.0029892507009208202,0.0
5281426,0,0.8999999761581421,-0.0027818549424409866,0.0
5281427,0,0.8999999761581421,-0.0033654076978564262,0.0
5281428,0,0.8999999761581421,-0.0029666770715266466,0.0
5281429,0,0.8999999761581421,-0.0029111034236848354,0.0
5281430,0,0.8999999761581421,-0.003163409186527133,0.0
5281431,0,0.8999999761581421,-0.0016148232389241457,0.0
5281432,0,0.8999999761581421,-0.000199364687432535,0.0
5281433,0,0.8999999761581421,0.0005613049725070596,0.0
5281434,0,0.8999999761581421,-0.0014166737673804164,0.0
5281435,0,0.8999999761581421,-0.001287311315536499,0.0
5281436,0,0.8999999761581421,0.0004194248467683792,0.0
5281437,0,0.8999999761581421,0.00038724325713701546,0.0
5281438,0,0.8999999761581421,0.0009652352309785783,0.0
5281439,0,0.8999999761581421,0.002319448394700885,0.0
5281440,0,0.8999999761581421,0.0028469779063016176,0.0
5281441,0,0.8999999761581421,0.0030680953059345484,0.0
5281442,0,0.8999999761581421,0.0018779889214783907,0.0
5281443,0,0.8999999761581421,0.0021367776207625866,0.0
5281444,0,0.8999999761581421,0.003023387398570776,0.0
5281445,0,0.8999999761581421,0.002309903036803007,0.0
5281446,0,0.8999999761581421,0.0016450297553092241,0.0
5281447,0,0.8999999761581421,-0.00035926225245930254,0.0
5281448,0,0.8999999761581421,-0.018897460773587227,0.0
5281449,0,0.8999999761581421,-0.008048659190535545,0.0
5281450,0,0.8999999761581421,-0.008409692905843258,0.0
5281451,0,0.8999999761581421,-0.0005365839460864663,0.0
5281452,0,0.8999999761581421,0.0011059982934966683,0.0
5281453,0,0.8532584309577942,-0.0050490195862948895,0.0
5281454,0,0.8999999761581421,0.003941024653613567,0.0
5281455,0,0.8999999761581421,-7.477636245312169e-06,0.0
5281456,0,0.8999999761581421,0.0024121140595525503,0.0
5281457,0,0.8999999761581421,-0.0016777805285528302,0.0
5281458,0,0.8999999761581421,-0.000938714190851897,0.0
5281459,0,0.8999999761581421,0.002126030158251524,0.0
5281460,0,0.8999999761581421,0.004649683833122253,0.0
5281461,0,0.8999999761581421,0.0038308524526655674,0.0
5281462,0,0.8999999761581421,0.004091368522495031,0.0
5281463,0,0.8999999761581421,0.002414693823084235,0.0
5281464,0,0.8999999761581421,0.0035234398674219847,0.0
5281465,0,0.8999999761581421,0.0021115730050951242,0.0
5281466,0,0.8999999761581421,0.0018104739720001817,0.0
5281467,0,0.8999999761581421,0.0024233695585280657,0.0
5281468,0,0.8999999761581421,-0.000497176602948457,0.0
5281469,0,0.8999999761581421,-3.478985672700219e-05,0.0
5281470,0,0.8999999761581421,-0.000967100728303194,0.0
5281471,0,0.8999999761581421,0.0004950777511112392,0.0
5281472,0,0.8999999761581421,0.0013839713064953685,0.0
5281473,0,0.8999999761581421,0.000811220146715641,0.0
5281474,0,0.8999999761581421,-8.961779712990392e-06,0.0
5281475,0,0.8999999761581421,-0.0005059476825408638,0.0
5281476,0,0.8999999761581421,0.0002415695635136217,0.0
5281477,0,0.8999999761581421,0.0020547157619148493,0.0
5281478,0,0.8999999761581421,0.0018034118693321943,0.0
5281479,0,0.8999999761581421,0.0031117915641516447,0.0
5281480,0,0.8999999761581421,0.002839016495272517,0.0
5281481,0,0.8999999761581421,0.005392067134380341,0.0
5281482,0,0.8999999761581421,0.006298527121543884,0.0
5281483,0,0.8999999761581421,0.003865212667733431,0.0
5281484,0,0.8999999761581421,0.006812575738877058,0.0
5281485,0,0.8999999761581421,0.012004761956632137,0.0
5281486,0,0.8240435719490051,0.014384173788130283,0.0
5281487,0,0.35224631428718567,0.013687552884221077,0.0
5281488,0,0.0,0.01640489511191845,1.0
5281489,0,0.48645761609077454,0.0014353784499689937,0.0
5281490,0,0.7574114799499512,8.869427256286144e-05,0.0
5281491,0,0.5956724882125854,0.0015527140349149704,0.0
5281492,0,0.6325446963310242,-0.0003485303313937038,0.0
5281493,0,0.5076791644096375,0.0011308160610496998,0.0
5281494,0,0.35831886529922485,-0.00046418249257840216,0.0
5281495,0,0.45786023139953613,-0.0014006783021613955,0.0
5281496,0,0.3564419150352478,-0.0004913225420750678,0.0
5281497,0,0.3559335470199585,-0.0019762013107538223,0.0
5281498,0,0.35182130336761475,-0.0032901419326663017,0.0
5281499,0,0.4766955077648163,-0.005715119652450085,0.0
5281500,0,0.3702826499938965,-0.0033716203179210424,0.0
5281501,0,0.4082600772380829,-0.009439835324883461,0.0
5281502,0,0.42795830965042114,-0.00621228339150548,0.0
5281503,0,0.4454022943973541,-0.007718162145465612,0.0
5281504,0,0.41189324855804443,-0.00571666331961751,0.0
5281505,0,0.44769904017448425,-0.0025310730561614037,0.0
5281506,0,0.40529629588127136,-0.005380269605666399,0.0
5281507,0,0.4888173043727875,-0.006466587074100971,0.0
5281508,0,0.4618760347366333,-0.005128057673573494,0.0
5281509,0,0.4420051574707031,-0.004447753541171551,0.0
5281510,0,0.4589785039424896,-0.003632576437667012,0.0
5281511,0,0.44234177470207214,-0.0017356635071337223,0.0
5281512,0,0.39696064591407776,-0.0009469616343267262,0.0
5281513,0,0.42518454790115356,-0.0022595832124352455,0.0
5281514,0,0.458461731672287,-0.002656538039445877,0.0
5281515,0,0.39589357376098633,-0.003859159303829074,0.0
5281516,0,0.3244364261627197,-0.004616448190063238,0.0
5281517,0,0.24652957916259766,0.0012838905677199364,0.0
5281518,0,0.2984309792518616,-0.0037666286807507277,0.0
5281519,0,0.31172147393226624,0.0004897899925708771,0.0
5281520,0,0.4345887303352356,-0.0024241749197244644,0.0
5281521,0,0.37681394815444946,-0.0022626551799476147,0.0
5281522,0,0.0,-0.009409674443304539,1.0
5281523,0,0.2449399083852768,-0.006298416294157505,0.0
5281524,0,0.39374205470085144,-0.0036798883229494095,0.0
5281525,0,0.4236900806427002,-0.007769304793328047,0.0
5281526,0,0.4547463655471802,-0.000809814257081598,0.0
5281527,0,0.5143088698387146,-0.002369761234149337,0.0
5281528,0,0.5350309610366821,-0.0014596768887713552,0.0
5281529,0,0.49727481603622437,-0.0004943548701703548,0.0
5281530,0,0.6045662760734558,-0.0018381746485829353,0.0
5281531,0,0.5778525471687317,-0.0007206447189673781,0.0
5281532,0,0.6640799045562744,-0.0018416011007502675,0.0
5281533,0,0.652825653553009,-0.002093424554914236,0.0
5281534,0,0.6606147289276123,-0.0007922649383544922,0.0
5281535,0,0.6773180961608887,0.0008301682537421584,0.0
5281536,0,0.6759738326072693,-0.00032648732303641737,0.0
5281537,0,0.7353265285491943,0.0009916111594066024,0.0
5281538,0,0.7587818503379822,0.00022188010916579515,0.0
5281539,0,0.743636429309845,0.0009063988109119236,0.0
5281540,0,0.7554340958595276,0.000280495936749503,0.0
5281541,0,0.7678982019424438,0.0019896184094250202,0.0
5281542,0,0.7812750935554504,0.0016656297957524657,0.0
5281543,0,0.8123016953468323,0.0018719712970778346,0.0
5281544,0,0.8132400512695312,0.004198078997433186,0.0
5281545,0,0.8202240467071533,0.0038410108536481857,0.0
5281546,0,0.7180911302566528,0.0019980750512331724,0.0
5281547,0,0.7158123850822449,0.0009417507681064308,0.0
5281548,0,0.7678131461143494,0.00010331799421692267,0.0
5281549,0,0.7994446158409119,0.0028527111280709505,0.0
5281550,0,0.7552852630615234,0.002118519740179181,0.0
5281551,0,0.7081063389778137,0.005197079386562109,0.0
5281552,0,0.6702465415000916,0.003758495207875967,0.0
5281553,0,0.6867267489433289,0.0033210471738129854,0.0
5281554,0,0.694922149181366,0.004513418767601252,0.0
5281555,0,0.6799119710922241,0.0023838127963244915,0.0
5281556,0,0.7292636036872864,0.002631397219374776,0.0
5281557,0,0.7501198649406433,0.002797413617372513,0.0
5281558,0,0.7325186133384705,0.002736336085945368,0.0
5281559,0,0.723275899887085,0.0019172184402123094,0.0
5281560,0,0.6979227662086487,0.0017804254312068224,0.0
5281561,0,0.6866478323936462,0.002286053029820323,0.0
5281562,0,0.6862377524375916,0.0010260893031954765,0.0
5281563,0,0.6474754810333252,0.0006885499460622668,0.0
5281564,0,0.606687068939209,0.0009832327486947179,0.0
5281565,0,0.6142818331718445,0.00023618651903234422,0.0
5281566,0,0.6217577457427979,0.00020517746452242136,0.0
5281567,0,0.6024311780929565,-0.0011248851660639048,0.0
5281568,0,0.5216128826141357,-0.0015361151890829206,0.0
5281569,0,0.42160969972610474,-0.00040830016951076686,0.0
5281570,0,0.2208990454673767,0.00023637434060219675,0.0
5281571,0,0.23699845373630524,0.001073337160050869,0.0
5281572,0,0.2301403433084488,0.0005501561099663377,0.0
5281573,0,0.4795837700366974,-0.0017624449683353305,0.0
5281574,0,0.47239333391189575,-0.00038656737888231874,0.0
5281575,0,0.4238904118537903,-0.000968532229308039,0.0
5281576,0,0.46815025806427,-0.0005451629403978586,0.0
5281577,0,0.3965945243835449,0.0010313870152458549,0.0
5281578,0,0.39235079288482666,-0.0001853272260632366,0.0
5281579,0,0.4687778651714325,0.00019342952873557806,0.0
5281580,0,0.2479565292596817,0.0006028765928931534,0.0
5281581,0,0.3020211160182953,-0.0016718055121600628,0.0
5281582,0,0.2373422235250473,-0.003628082573413849,0.0
5281583,0,0.28232598304748535,0.0018392546335235238,0.0
5281584,0,0.3984161615371704,-0.0011058901436626911,0.0
5281585,0,0.37989798188209534,-5.242028055363335e-05,0.0
5281586,0,0.29175278544425964,-0.0009166441159322858,0.0
5281587,0,0.41364115476608276,-0.0011590460781008005,0.0
5281588,0,0.4492044746875763,-0.0004194447537884116,0.0
5281589,0,0.3082011938095093,-0.0015399145195260644,0.0
5281590,0,0.38639920949935913,-0.00010175416537094861,0.0
5281591,0,0.2433055192232132,-0.0016950892750173807,0.0
5281592,0,0.39651936292648315,0.000343743507983163,0.0
5281593,0,0.29874613881111145,-0.0001784443884389475,0.0
5281594,0,0.4191354513168335,0.00014702693442814052,0.0
5281595,0,0.45742523670196533,0.00024051799846347421,0.0
5281596,0,0.4341891407966614,9.519433660898358e-05,0.0
5281597,0,0.49296826124191284,-0.0018627035897225142,0.0
5281598,0,0.4917997717857361,-0.0012823665747419,0.0
5281599,0,0.45151183009147644,-0.0028377401176840067,0.0
5281600,0,0.4445282518863678,-0.002406385261565447,0.0
5281601,0,0.4735739827156067,-0.0015239290660247207,0.0
5281602,0,0.48772943019866943,-0.0008023565751500428,0.0
5281603,0,0.47897741198539734,-0.0002832066675182432,0.0
5281604,0,0.5376970171928406,-5.629498991766013e-05,0.0
5281605,0,0.5165812373161316,-0.0005182605236768723,0.0
5281606,0,0.5279262065887451,0.00010973268217639998,0.0
5281607,0,0.5221965909004211,-0.0004357418802101165,0.0
5281608,0,0.503298819065094,-0.0007425610674545169,0.0
5281609,0,0.424880713224411,-0.00023508515732828528,0.0
5281610,0,0.4442397356033325,-0.0005170211079530418,0.0
5281611,0,0.5119786262512207,8.358444028999656e-05,0.0
5281612,0,0.483838826417923,-0.0005157760460861027,0.0
5281613,0,0.382461279630661,-0.0008775526657700539,0.0
5281614,0,0.1007242351770401,0.0007756704580970109,0.0
5281615,0,0.40845799446105957,0.00031921741901896894,0.0
5281616,0,0.2839108407497406,0.002028093673288822,0.0
5281617,0,0.3048425316810608,-0.0005241401959210634,0.0
5281618,0,0.4643929600715637,0.0009409795165993273,0.0
5281619,0,0.5263445377349854,0.0002774294698610902,0.0
5281620,0,0.5052317380905151,0.0017072597984224558,0.0
5281621,0,0.5516772866249084,0.0017709186067804694,0.0
5281622,0,0.566523551940918,0.0024924399331212044,0.0
5281623,0,0.5715927481651306,0.0004446538514457643,0.0
5281624,0,0.5624262094497681,0.000739858893211931,0.0
5281625,0,0.6212757229804993,0.003522832179442048,0.0
5281626,0,0.6057755947113037,0.00280354218557477,0.0
5281627,0,0.5952796339988708,0.0025242429692298174,0.0
5281628,0,0.4661482274532318,-0.0003018032875843346,0.0
5281629,0,0.49526655673980713,0.0006305445567704737,0.0
5281630,0,0.5435799956321716,-0.002002285560593009,0.0
5281631,0,0.5143439769744873,-0.00033788944710977376,0.0
5281632,0,0.5238203406333923,-0.00025727046886458993,0.0
5281633,0,0.49203380942344666,-0.00045263662468641996,0.0
5281634,0,0.5771886110305786,0.00031179244979284704,0.0
5281635,0,0.5826534032821655,-0.00045133891399018466,0.0
5281636,0,0.5662976503372192,0.0007667670142836869,0.0
5281637,0,0.5561842322349548,0.0022695111110806465,0.0
5281638,0,0.5648704767227173,0.0011847802670672536,0.0
5281639,0,0.5814331769943237,0.0017693007830530405,0.0
5281640,0,0.5715439319610596,0.0022248600143939257,0.0
5281641,0,0.5669731497764587,0.0015677190385758877,0.0
5281642,0,0.5002560615539551,0.0038767997175455093,0.0
5281643,0,0.4901631474494934,0.002386557636782527,0.0
5281644,0,0.4942026734352112,0.004242778290063143,0.0
5281645,0,0.4862044155597687,0.002743661403656006,0.0
5281646,0,0.47522446513175964,0.003072441089898348,0.0
5281647,0,0.4532652795314789,0.003498562378808856,0.0
5281648,0,0.4670828580856323,0.005027380771934986,0.0
5281649,0,0.44838079810142517,0.00318522029556334,0.0
5281650,0,0.46710026264190674,0.003341906238347292,0.0
5281651,0,0.46066826581954956,0.0030659709591418505,0.0
5281652,0,0.4307495057582855,0.0012649239506572485,0.0
5281653,0,0.4391130208969116,0.0016023979987949133,0.0
5281654,0,0.45642077922821045,0.0004103293176740408,0.0
5281655,0,0.46524882316589355,0.0002690454130060971,0.0
5281656,0,0.4775797724723816,9.800467523746192e-05,0.0
5281657,0,0.45975759625434875,-0.0005353502347134054,0.0
5281658,0,0.4650536775588989,-0.00021995343558955938,0.0
5281659,0,0.4585466682910919,-0.0005175561527721584,0.0
5281660,0,0.42376232147216797,-0.0001287533377762884,0.0
5281661,0,0.4259270429611206,-0.001717849518172443,0.0
5281662,0,0.44477367401123047,-0.0029251566156744957,0.0
5281663,0,0.40708404779434204,-0.009085644036531448,0.0
5281664,0,0.3951181173324585,-0.007762928493320942,0.0
5281665,0,0.3709665536880493,-0.00433430727571249,0.0
5281666,0,0.428155779838562,-0.00269951275549829,0.0
5281667,0,0.43916818499565125,-0.0018359875539317727,0.0
5281668,0,0.40737584233283997,-0.0016961963847279549,0.0
5281669,0,0.4551064670085907,-0.0009013928938657045,0.0
5281670,0,0.43719884753227234,-2.8316828320384957e-05,0.0
5281671,0,0.4651319682598114,0.0011933891801163554,0.0
5281672,0,0.5000739097595215,0.00041701149893924594,0.0
5281673,0,0.4568716585636139,0.0005081617855466902,0.0
5281674,0,0.4855221211910248,0.00027284614043310285,0.0
5281675,0,0.5115773677825928,0.0007242732681334019,0.0
5281676,0,0.5150864124298096,3.783070860663429e-05,0.0
5281677,0,0.40587007999420166,-0.0008651971584185958,0.0
5281678,0,0.14382709562778473,-0.0031648934818804264,0.0
5281679,0,0.0,-0.0006530486280098557,1.0
5281680,0,0.0,-0.015694953501224518,1.0
5281681,0,0.0,-0.007350400555878878,1.0
5281682,0,0.0,-0.005491405259817839,1.0
5281683,0,0.0,-0.014322186820209026,1.0
5281684,0,0.0,-0.010083790868520737,1.0
5281685,0,0.0,-0.013842045329511166,1.0
5281686,0,0.0,-0.0028914809226989746,1.0
5281687,0,0.5385317206382751,-0.0076517825946211815,0.0
5281688,0,0.5633193254470825,-0.008762641809880733,0.0
5281689,0,0.7277157306671143,-0.0007307818741537631,0.0
5281690,0,0.8671066164970398,-0.005893074441701174,0.0
5281691,0,0.6106166243553162,-0.00527640525251627,0.0
5281692,0,0.8898624181747437,-0.0026024500839412212,0.0
5281693,0,0.7800371646881104,-0.004213973414152861,0.0
5281694,0,0.4274773895740509,-0.0041051399894058704,0.0
5281695,0,0.8212870955467224,-0.00397297041490674,0.0
5281696,0,0.5832393169403076,-0.004560701083391905,0.0
5281697,0,0.0,-0.0022490147966891527,1.0
5281698,0,0.15926778316497803,0.0032505239360034466,0.0
5281699,0,0.4667407274246216,0.0018060471629723907,0.0
5281700,0,0.1183113381266594,-0.001035392633639276,0.0
5281701,0,0.0,0.0007777209393680096,1.0
5281702,0,0.23647409677505493,0.0037097374442964792,0.0
5281703,0,0.1137450560927391,0.004802608862519264,0.0
5281704,0,0.26758596301078796,0.006367988884449005,0.0
5281705,0,0.2348974347114563,0.005425559356808662,0.0
5281706,0,0.8999999761581421,0.008517751470208168,0.0
5281707,0,0.6953094005584717,0.009958307258784771,0.0
5281708,0,0.8999999761581421,0.009555152617394924,0.0
5281709,0,0.8999999761581421,0.008373591117560863,0.0
5281710,0,0.8999999761581421,0.0048371171578764915,0.0
5281711,0,0.8999999761581421,0.007733323611319065,0.0
5281712,0,0.8999999761581421,0.010516557842493057,0.0
5281713,0,0.8999999761581421,0.010561421513557434,0.0
5281714,0,0.8999999761581421,0.00876349676400423,0.0
5281715,0,0.8705339431762695,0.009025360457599163,0.0
5281716,0,0.38735541701316833,0.017084384337067604,0.0
5281717,0,0.8999999761581421,-0.0023466807324439287,0.0
5281718,0,0.8999999761581421,-0.003096821950748563,0.0
5281719,0,0.8999999761581421,0.0039847055450081825,0.0
5281720,0,0.7341296672821045,-0.00032508853473700583,0.0
5281721,0,0.8999999761581421,0.0006436684634536505,0.0
5281722,0,0.8999999761581421,0.0013980387011542916,0.0
5281723,0,0.8999999761581421,0.0032510890159755945,0.0
5281724,0,0.8999999761581421,0.0021320818923413754,0.0
5281725,0,0.8698047399520874,0.012079661712050438,0.0
5281726,0,0.2403036206960678,0.012306896969676018,0.0
5281727,0,0.28365233540534973,0.014177965931594372,0.0
5281728,0,0.0,0.011880801990628242,1.0
5281729,0,0.0,0.015929782763123512,1.0
5281730,0,0.0,0.011757959611713886,1.0
5281731,0,0.0,0.00903817918151617,1.0
5281732,0,0.0,0.017722245305776596,1.0
5281733,0,0.0,0.013123743236064911,1.0
5281734,0,0.0,0.015217691659927368,1.0
5281735,0,0.0,0.010545330122113228,1.0
5281736,0,0.0,0.009294876828789711,1.0
5281737,0,0.0,0.026931753382086754,1.0
5281738,0,0.0,0.02803894318640232,1.0
5281739,0,0.0,0.017498040571808815,1.0
5281740,0,0.0,0.022815018892288208,1.0
5281741,0,0.0,0.018575359135866165,1.0
5281742,0,0.0,0.017703326418995857,1.0
5281743,0,0.0,0.014299051836133003,1.0
5281744,0,0.0,0.021347716450691223,1.0
5281745,0,0.0,0.007845962420105934,1.0
5281746,0,0.0,0.004250282887369394,1.0
5281747,0,0.0,0.01033509336411953,1.0
5281748,0,0.0,-0.002424475271254778,1.0
5281749,0,0.0,0.011319950222969055,1.0
5281750,0,0.0,0.0015235049650073051,1.0
5281751,0,0.0,-0.003168565919622779,1.0
5281752,0,0.0,0.003875755239278078,1.0
5281753,0,0.12174822390079498,-0.0023383665829896927,0.0
5281754,0,0.0,0.0012563748750835657,1.0
5281755,0,0.0,0.0028796305414289236,1.0
5281756,0,0.33209991455078125,-0.007243595086038113,0.0
5281757,0,0.37690651416778564,-0.010921169072389603,0.0
5281758,0,0.17079772055149078,-0.016376111656427383,0.0
5281759,0,0.0,-0.031878117471933365,1.0
5281760,0,0.0,-0.0188057329505682,1.0
5281761,0,0.0,-0.0161932110786438,1.0
5281762,0,0.6652987599372864,-0.02921084128320217,0.0
5281763,0,0.839002251625061,-0.02596539817750454,0.0
5281764,0,0.8999999761581421,-0.018707619979977608,0.0
5281765,0,0.8999999761581421,-0.024405447766184807,0.0
5281766,0,0.8999999761581421,-0.01730898767709732,0.0
5281767,0,0.8999999761581421,-0.01897604577243328,0.0
5281768,0,0.8999999761581421,-0.018271083012223244,0.0
5281769,0,0.47842541337013245,-0.004391219466924667,0.0
5281770,0,0.8999999761581421,-0.009641002863645554,0.0
5281771,0,0.8999999761581421,-0.010173752903938293,0.0
5281772,0,0.8999999761581421,-0.010354569181799889,0.0
5281773,0,0.8999999761581421,-0.012124070897698402,0.0
5281774,0,0.8999999761581421,-0.009900872595608234,0.0
5281775,0,0.8999999761581421,-0.010195715352892876,0.0
5281776,0,0.8999999761581421,-0.011586213484406471,0.0
5281777,0,0.8999999761581421,-0.014580083079636097,0.0
5281778,0,0.8999999761581421,-0.01904902420938015,0.0
5281779,0,0.8999999761581421,-0.020275890827178955,0.0
5281780,0,0.8999999761581421,-0.020962359383702278,0.0
5281781,0,0.8999999761581421,-0.02273385599255562,0.0
5281782,0,0.8999999761581421,-0.02412472851574421,0.0
5281783,0,0.8999999761581421,-0.021399494260549545,0.0
5281784,0,0.8999999761581421,-0.021233852952718735,0.0
5281785,0,0.8999999761581421,-0.021752338856458664,0.0
5281786,0,0.8999999761581421,-0.022794609889388084,0.0
5281787,0,0.8999999761581421,-0.021506736055016518,0.0
5281788,0,0.8999999761581421,-0.022441502660512924,0.0
5281789,0,0.8999999761581421,-0.020682647824287415,0.0
5281790,0,0.8999999761581421,-0.01877894625067711,0.0
5281791,0,0.8999999761581421,-0.020231734961271286,0.0
5281792,0,0.8999999761581421,-0.0184932928532362,0.0
5281793,0,0.8999999761581421,-0.018116425722837448,0.0
5281794,0,0.8999999761581421,-0.017827218398451805,0.0
5281795,0,0.8999999761581421,-0.019270258024334908,0.0
5281796,0,0.8999999761581421,-0.02084754966199398,0.0
5281797,0,0.8999999761581421,-0.019342606887221336,0.0
5281798,0,0.8999999761581421,-0.017968371510505676,0.0
5281799,0,0.8999999761581421,-0.015500006265938282,0.0
5281800,0,0.8999999761581421,-0.014822506345808506,0.0
5281801,0,0.8999999761581421,-0.014253088273108006,0.0
5281802,0,0.8999999761581421,-0.010764500126242638,0.0
5281803,0,0.8999999761581421,-0.010924852453172207,0.0
5281804,0,0.8999999761581421,-0.013052369467914104,0.0
5281805,0,0.8999999761581421,-0.012964055873453617,0.0
5281806,0,0.8999999761581421,-0.013779323548078537,0.0
5281807,0,0.8999999761581421,-0.012064587324857712,0.0
5281808,0,0.8999999761581421,-0.012467490509152412,0.0
5281809,0,0.8999999761581421,-0.012703433632850647,0.0
5281810,0,0.8999999761581421,-0.010747872292995453,0.0
5281811,0,0.8999999761581421,-0.012934625148773193,0.0
5281812,0,0.8999999761581421,-0.006471578497439623,0.0
5281813,0,0.8999999761581421,-0.00539387296885252,0.0
5281814,0,0.8999999761581421,-0.004606683738529682,0.0
5281815,0,0.8999999761581421,-0.00225245114415884,0.0
5281816,0,0.8999999761581421,-0.0021512804087251425,0.0
5281817,0,0.8999999761581421,-0.003079877467826009,0.0
5281818,0,0.8999999761581421,-0.002417307812720537,0.0
5281819,0,0.8999999761581421,-0.002425609389320016,0.0
5281820,0,0.8999999761581421,-0.000679236720316112,0.0
5281821,0,0.8999999761581421,-0.004022139124572277,0.0
5281822,0,0.8999999761581421,-8.701661136001348e-05,0.0
5281823,0,0.8999999761581421,-0.0015107638901099563,0.0
5281824,0,0.8999999761581421,-0.0008032274199649692,0.0
5281825,0,0.8999999761581421,-0.0015616544988006353,0.0
5281826,0,0.8999999761581421,-0.0021216743625700474,0.0
5281827,0,0.8999999761581421,-0.002706543542444706,0.0
5281828,0,0.8999999761581421,-0.0035681533627212048,0.0
5281829,0,0.8999999761581421,-0.0033420869149267673,0.0
5281830,0,0.8999999761581421,-0.0012379789259284735,0.0
5281831,0,0.8999999761581421,-0.001312676933594048,0.0
5281832,0,0.8999999761581421,-0.0006082624895498157,0.0
5281833,0,0.8999999761581421,0.0003304431156720966,0.0
5281834,0,0.8999999761581421,0.0005746337701566517,0.0
5281835,0,0.8999999761581421,-0.0001224681327585131,0.0
5281836,0,0.8999999761581421,0.00019317054830025882,0.0
5281837,0,0.8999999761581421,6.114440566307167e-06,0.0
5281838,0,0.8999999761581421,-0.0008490622276440263,0.0
5281839,0,0.8999999761581421,-0.0012309594312682748,0.0
5281840,0,0.8999999761581421,-0.0007040900527499616,0.0
5281841,0,0.8999999761581421,-0.0008909910684451461,0.0
5281842,0,0.8999999761581421,-0.0011611193185672164,0.0
5281843,0,0.8999999761581421,-0.0004934911266900599,0.0
5281844,0,0.8999999761581421,-0.0012232314329594374,0.0
5281845,0,0.8999999761581421,-0.003786133136600256,0.0
5281846,0,0.8999999761581421,-0.00412299670279026,0.0
5281847,0,0.8999999761581421,-0.005107013508677483,0.0
5281848,0,0.8999999761581421,-0.005288389045745134,0.0
5281849,0,0.8999999761581421,-0.0040376149117946625,0.0
5281850,0,0.8999999761581421,-0.0033883871510624886,0.0
5281851,0,0.8999999761581421,-0.0036954425740987062,0.0
5281852,0,0.8999999761581421,-0.004687395412474871,0.0
5281853,0,0.8999999761581421,-0.003554376307874918,0.0
5281854,0,0.8999999761581421,-0.0032683792524039745,0.0
5281855,0,0.8999999761581421,-0.0033451265189796686,0.0
5281856,0,0.8999999761581421,-0.003106364281848073,0.0
5281857,0,0.8999999761581421,-0.003298128955066204,0.0
5281858,0,0.8999999761581421,-0.003467463655397296,0.0
5281859,0,0.8999999761581421,-0.0020269127562642097,0.0
5281860,0,0.8999999761581421,-0.0025509106926620007,0.0
5281861,0,0.8999999761581421,-0.003434527898207307,0.0
5281862,0,0.8999999761581421,-0.0036139911971986294,0.0
5281863,0,0.8999999761581421,-0.0037645897828042507,0.0
5281864,0,0.8999999761581421,-0.0037340472918003798,0.0
5281865,0,0.8999999761581421,-0.0023784383665770292,0.0
5281866,0,0.8999999761581421,0.0006143954233266413,0.0
5281867,0,0.8999999761581421,-0.0010167746804654598,0.0
5281868,0,0.8999999761581421,5.983387745800428e-05,0.0
5281869,0,0.8999999761581421,0.0007072874577715993,0.0
5281870,0,0.8999999761581421,-0.0008161421283148229,0.0
5281871,0,0.8999999761581421,0.00011342098150635138,0.0
5281872,0,0.8999999761581421,0.0009591264533810318,0.0
5281873,0,0.8999999761581421,0.0012532913824543357,0.0
5281874,0,0.8999999761581421,0.0009657517657615244,0.0
5281875,0,0.8999999761581421,0.0018671660218387842,0.0
5281876,0,0.8999999761581421,0.002076151315122843,0.0
5281877,0,0.8999999761581421,0.0005632401444017887,0.0
5281878,0,0.8999999761581421,0.0014192919479683042,0.0
5281879,0,0.8999999761581421,0.000262183923041448,0.0
5281880,0,0.8999999761581421,0.0006077573634684086,0.0
5281881,0,0.8999999761581421,0.0006705979467369616,0.0
5281882,0,0.8999999761581421,-0.001393126673065126,0.0
5281883,0,0.8999999761581421,-0.0007704552845098078,0.0
5281884,0,0.8999999761581421,-0.0007119760848581791,0.0
5281885,0,0.8999999761581421,1.3802655303152278e-06,0.0
5281886,0,0.8999999761581421,-8.209035513573326e-06,0.0
5281887,0,0.8999999761581421,-0.00045104435412213206,0.0
5281888,0,0.8999999761581421,-0.0008728384273126721,0.0
5281889,0,0.8999999761581421,-0.00014801589713897556,0.0
5281890,0,0.8999999761581421,-0.0015973635017871857,0.0
5281891,0,0.8999999761581421,-0.003523337421938777,0.0
5281892,0,0.8999999761581421,-0.0032438531052321196,0.0
5281893,0,0.8999999761581421,-0.001525404630228877,0.0
5281894,0,0.8999999761581421,-0.0019091061549261212,0.0
5281895,0,0.8999999761581421,-0.003186812624335289,0.0
5281896,0,0.8999999761581421,-0.002517000073567033,0.0
5281897,0,0.8999999761581421,-0.0021890897769480944,0.0
5281898,0,0.8999999761581421,-0.001540670171380043,0.0
5281899,0,0.8999999761581421,-0.0013569977600127459,0.0
5281900,0,0.8999999761581421,-0.0011947609018534422,0.0
5281901,0,0.8999999761581421,1.3509543350664899e-05,0.0
5281902,0,0.8999999761581421,-0.0009398482507094741,0.0
5281903,0,0.8999999761581421,-0.000846772687509656,0.0
5281904,0,0.8936030864715576,-0.0002446915314067155,0.0
5281905,0,0.6832549571990967,0.002428532112389803,0.0
5281906,0,0.6124440431594849,0.002104769693687558,0.0
5281907,0,0.5587922930717468,0.0031093654688447714,0.0
5281908,0,0.7214863300323486,0.002996627474203706,0.0
5281909,0,0.3945402204990387,0.0026354696601629257,0.0
5281910,0,0.5501850843429565,0.003970450256019831,0.0
5281911,0,0.48393356800079346,0.0037882691249251366,0.0
5281912,0,0.35903969407081604,0.0024921454023569822,0.0
5281913,0,0.5253522396087646,0.004673158284276724,0.0
5281914,0,0.4885852336883545,0.00474016135558486,0.0
5281915,0,0.3792339265346527,0.007439923007041216,0.0
5281916,0,0.0,0.007080905605107546,1.0
5281917,0,0.4814283549785614,0.003303453791886568,0.0
5281918,0,0.4395984411239624,0.004353861324489117,0.0
5281919,0,0.4296872615814209,0.00485858554020524,0.0
5281920,0,0.3935532569885254,0.0033139877486974,0.0
5281921,0,0.3664730191230774,0.004304807633161545,0.0
5281922,0,0.4120434820652008,0.005641817580908537,0.0
5281923,0,0.3469071090221405,0.0028825560584664345,0.0
5281924,0,0.28759169578552246,0.005284481681883335,0.0
5281925,0,0.28313979506492615,0.006339223589748144,0.0
5281926,0,0.2445065826177597,0.009301024489104748,0.0
5281927,0,0.3168531656265259,0.0063563561998307705,0.0
5281928,0,0.4180852174758911,0.008696633391082287,0.0
5281929,0,0.4234278202056885,0.007470517884939909,0.0
5281930,0,0.3107025623321533,0.006135373841971159,0.0
5281931,0,0.39283937215805054,0.006729638669639826,0.0
5281932,0,0.4018236994743347,0.004614084493368864,0.0
5281933,0,0.4480249881744385,0.005669667385518551,0.0
5281934,0,0.4533184766769409,0.003967124503105879,0.0
5281935,0,0.2755368649959564,0.002488374477252364,0.0
5281936,0,0.10017423331737518,-0.0001740858715493232,0.0
5281937,0,0.11078927665948868,0.003539229044690728,0.0
5281938,0,0.27636849880218506,0.0054037426598370075,0.0
5281939,0,0.3644446134567261,0.005998424254357815,0.0
5281940,0,0.3844684362411499,0.004344300366938114,0.0
5281941,0,0.3198853135108948,0.0058370898477733135,0.0
5281942,0,0.33249637484550476,0.0033487165346741676,0.0
5281943,0,0.2650884985923767,0.001339681795798242,0.0
5281944,0,0.2861001193523407,0.003127132309600711,0.0
5281945,0,0.2039273977279663,0.005460824351757765,0.0
5281946,0,0.0614740289747715,0.007425601128488779,0.0
5281947,0,0.23978717625141144,0.006818888243287802,0.0
5281948,0,0.2567259669303894,0.005687827244400978,0.0
5281949,0,0.3695026934146881,0.0032389226835221052,0.0
5281950,0,0.3754952549934387,0.0008663525804877281,0.0
5281951,0,0.402870237827301,0.00026735637220554054,0.0
5281952,0,0.3681301474571228,-0.001176265301182866,0.0
5281953,0,0.36331602931022644,-0.002117401221767068,0.0
5281954,0,0.32474344968795776,-0.00036379010998643935,0.0
5281955,0,0.33955302834510803,-0.0005565166939049959,0.0
5281956,0,0.31800076365470886,-1.5019303646113258e-05,0.0
5281957,0,0.4189585745334625,0.0015324070118367672,0.0
5281958,0,0.38022154569625854,0.005870467983186245,0.0
5281959,0,0.4252796471118927,0.004929599352180958,0.0
5281960,0,0.42778971791267395,0.008443511091172695,0.0
5281961,0,0.44503238797187805,0.007594105787575245,0.0
5281962,0,0.4755389094352722,0.012534650973975658,0.0
5281963,0,0.49426567554473877,0.012253672815859318,0.0
5281964,0,0.4595823287963867,0.007876954041421413,0.0
5281965,0,0.4252774715423584,0.0077731735073029995,0.0
5281966,0,0.42813265323638916,0.005880950950086117,0.0
5281967,0,0.3951179087162018,0.006451079621911049,0.0
5281968,0,0.3896656632423401,0.009547701105475426,0.0
5281969,0,0.3727470636367798,0.005746175535023212,0.0
5281970,0,0.3416348993778229,0.0033282102085649967,0.0
5281971,0,0.37435004115104675,0.002583595924079418,0.0
5281972,0,0.4230957627296448,0.0010058307088911533,0.0
5281973,0,0.48664963245391846,0.0016153923934325576,0.0
5281974,0,0.46931901574134827,-0.0004031362768728286,0.0
5281975,0,0.4178084433078766,0.0003670728765428066,0.0
5281976,0,0.42724624276161194,0.0009576224256306887,0.0
5281977,0,0.4845420718193054,0.0005259444587863982,0.0
5281978,0,0.49938157200813293,0.00025081023341044784,0.0
5281979,0,0.49508464336395264,-0.0007172111072577536,0.0
5281980,0,0.41924360394477844,-0.0021739224903285503,0.0
5281981,0,0.4534192383289337,-0.0024964413605630398,0.0
5281982,0,0.4899597465991974,-0.001849645166657865,0.0
5281983,0,0.5136719942092896,-0.005572412628680468,0.0
5281984,0,0.49342215061187744,-0.009318976663053036,0.0
5281985,0,0.506351888179779,-0.008700255304574966,0.0
5281986,0,0.5088819265365601,-0.007172642275691032,0.0
5281987,0,0.511515200138092,-0.009312483482062817,0.0
5281988,0,0.42512521147727966,-0.008416550233960152,0.0
5281989,0,0.45810067653656006,-0.004952691029757261,0.0
5281990,0,0.4457717835903168,-0.004885873291641474,0.0
5281991,0,0.48992830514907837,-0.0034468264784663916,0.0
5281992,0,0.4548611044883728,-0.0032810193952172995,0.0
5281993,0,0.4884229600429535,0.00014079723041504622,0.0
5281994,0,0.4795159101486206,0.0008925378206185997,0.0
5281995,0,0.47891607880592346,0.0016891869017854333,0.0
5281996,0,0.4736710786819458,0.00135620660148561,0.0
5281997,0,0.45563170313835144,0.001996824285015464,0.0
5281998,0,0.37540876865386963,0.00036394663038663566,0.0
5281999,0,0.30079740285873413,-0.00037000986048951745,0.0
5282000,0,0.13418158888816833,-0.00014143329462967813,0.0
5282001,0,0.14830096065998077,0.002738420618698001,0.0
5282002,0,0.24688073992729187,-0.004143907222896814,0.0
5282003,0,0.41798701882362366,-0.001149644609540701,0.0
5282004,0,0.17053212225437164,-0.0017244861228391528,0.0
5282005,0,0.32848843932151794,-0.0017942138947546482,0.0
5282006,0,0.44040098786354065,-0.002772316802293062,0.0
5282007,0,0.45349428057670593,-0.0037889592349529266,0.0
5282008,0,0.5418433547019958,-0.0033150208182632923,0.0
5282009,0,0.5775067210197449,-0.003921772353351116,0.0
5282010,0,0.4597814083099365,-0.0018821682315319777,0.0
5282011,0,0.5452744364738464,-0.0006009229109622538,0.0
5282012,0,0.0,-0.0023365109227597713,1.0
5282013,0,0.52157062292099,-0.00522284209728241,0.0
5282014,0,0.49186933040618896,-0.006434813607484102,0.0
5282015,0,0.5077135562896729,-0.008332278579473495,0.0
5282016,0,0.47318461537361145,-0.013396562077105045,0.0
5282017,0,0.47137975692749023,-0.01230425015091896,0.0
5282018,0,0.45709383487701416,-0.010857067070901394,0.0
5282019,0,0.36440160870552063,-0.008701595477759838,0.0
5282020,0,0.3117120563983917,-0.00867179874330759,0.0
5282021,0,0.11321545392274857,-0.0007197255035862327,0.0
5282022,0,0.28384724259376526,-0.0021407250314950943,0.0
5282023,0,0.4114656448364258,0.0006032095989212394,0.0
5282024,0,0.5281074047088623,0.000220528309000656,0.0
5282025,0,0.5211946964263916,0.003254082752391696,0.0
5282026,0,0.4060531258583069,0.011568605899810791,0.0
5282027,0,0.6031451225280762,0.01203959435224533,0.0
5282028,0,0.49365729093551636,0.00839944463223219,0.0
5282029,0,0.4114110469818115,0.01040750090032816,0.0
5282030,0,0.4792361259460449,0.013305677101016045,0.0
5282031,0,0.37132519483566284,0.003416425082832575,0.0
5282032,0,0.13330234587192535,0.013326000422239304,0.0
5282033,0,0.6356396079063416,0.009870215319097042,0.0
5282034,0,0.0,0.0025297882966697216,1.0
5282035,0,0.0,0.0009419257985427976,1.0
5282036,0,0.11866757273674011,-0.0009304439299739897,0.0
5282037,0,0.5565767884254456,-0.000399086537072435,0.0
5282038,0,0.6047238111495972,-0.00048540730495005846,0.0
5282039,0,0.6327927112579346,0.0014544560108333826,0.0
5282040,0,0.6678223609924316,0.0006938305450603366,0.0
5282041,0,0.6358610987663269,-0.00017403891251888126,0.0
5282042,0,0.6797692775726318,0.0021731029264628887,0.0
5282043,0,0.6259588599205017,0.0005082244169898331,0.0
5282044,0,0.6467422842979431,0.001566000166349113,0.0
5282045,0,0.635858952999115,0.0023236845154315233,0.0
5282046,0,0.7074012756347656,-0.000730844447389245,0.0
5282047,0,0.6933965086936951,-0.0008248236263170838,0.0
5282048,0,0.7136832475662231,-0.0006203462253324687,0.0
5282049,0,0.6901363730430603,-0.0032806878443807364,0.0
5282050,0,0.6595556139945984,-0.003506097011268139,0.0
5282051,0,0.6345158219337463,-0.003309044521301985,0.0
5282052,0,0.574104905128479,-0.00306570902466774,0.0
5282053,0,0.42992648482322693,-0.0025717653334140778,0.0
5282054,0,0.37724655866622925,-0.0013283792650327086,0.0
5282055,0,0.22241346538066864,-0.0014005217235535383,0.0
5282056,0,0.35279732942581177,-0.0002247246156912297,0.0
5282057,0,0.4968753159046173,-0.0010590862948447466,0.0
5282058,0,0.4747649133205414,0.0016995545011013746,0.0
5282059,0,0.6198634505271912,0.004946230910718441,0.0
5282060,0,0.577681839466095,0.004567762836813927,0.0
5282061,0,0.4961307644844055,0.006118984427303076,0.0
5282062,0,0.45726969838142395,0.00548576470464468,0.0
5282063,0,0.3898042142391205,0.005344541743397713,0.0
5282064,0,0.4337978959083557,0.005215284880250692,0.0
5282065,0,0.22458796203136444,0.004338462371379137,0.0
5282066,0,0.35805830359458923,0.0031872252002358437,0.0
5282067,0,0.4813256561756134,0.0037767174653708935,0.0
5282068,0,0.5139951109886169,-0.00014634249964728951,0.0
5282069,0,0.5251490473747253,0.003021744079887867,0.0
5282070,0,0.4877299964427948,0.0023370999842882156,0.0
5282071,0,0.4659608006477356,0.003421835135668516,0.0
5282072,0,0.5093015432357788,0.004013026598840952,0.0
5282073,0,0.4161231517791748,0.00139330024830997,0.0
5282074,0,0.5703974962234497,0.0012564503122121096,0.0
5282075,0,0.5310280919075012,0.0004224884614814073,0.0
5282076,0,0.4478866159915924,-0.00040210745646618307,0.0
5282077,0,0.396419882774353,0.0005051579209975898,0.0
5282078,0,0.36468011140823364,-4.542502938420512e-05,0.0
5282079,0,0.41996461153030396,-0.0013446778757497668,0.0
5282080,0,0.5550638437271118,-0.00017428223509341478,0.0
5282081,0,0.4319666624069214,-0.0023931630421429873,0.0
5282082,0,0.33389973640441895,-0.004685085732489824,0.0
5282083,0,0.4873289167881012,-0.005136312451213598,0.0
5282084,0,0.4611651599407196,-0.00371628743596375,0.0
5282085,0,0.514722466468811,-0.004987546242773533,0.0
5282086,0,0.365747332572937,-0.004415462724864483,0.0
5282087,0,0.4619074761867523,-0.0032288366928696632,0.0
5282088,0,0.5285179018974304,-0.0036561121232807636,0.0
