ts,agent_id,x,y,z,v
7464937,0,192.36241149902344,-86.26268005371094,0.5760391354560852,0.0
7464938,0,192.36241149902344,-86.26268005371094,0.5347328782081604,0.0
7464939,0,192.36241149902344,-86.26268005371094,0.4873131513595581,0.0
7464940,0,192.36241149902344,-86.26268005371094,0.43378135561943054,0.0
7464941,0,192.36241149902344,-86.26268005371094,0.37413910031318665,0.0
7464942,0,192.36241149902344,-86.26268005371094,0.3083879053592682,0.0
7464943,0,192.36241149902344,-86.26268005371094,0.23652930557727814,0.0
7464944,0,192.36241149902344,-86.26268005371094,0.15856479108333588,0.0
7464945,0,192.36241149902344,-86.26268005371094,0.07449592649936676,0.0
7464946,0,192.36241149902344,-86.26268005371094,-0.0014325713273137808,6.921848899104988e-08
7464947,0,192.36241149902344,-86.26268005371094,-0.04976116120815277,2.0542178943385562e-07
7464948,0,192.36241149902344,-86.26268005371094,-0.0790141299366951,5.246763748141493e-08
7464949,0,192.36241149902344,-86.26268005371094,-0.09499464184045792,8.292685590454712e-08
7464950,0,192.36241149902344,-86.26268005371094,-0.09607665985822678,0.0018350338436079472
7464951,0,192.36241149902344,-86.2625503540039,-0.09360036998987198,0.006435419193526709
7464952,0,192.36244201660156,-86.26248168945312,-0.08894706517457962,0.002666021211339489
7464953,0,192.36244201660156,-86.26243591308594,-0.08312385529279709,0.0007268246929428781
7464954,0,192.36244201660156,-86.2624282836914,-0.07681392133235931,0.00026706429446167034
7464955,0,192.36245727539062,-86.26243591308594,-0.07046787440776825,0.0007197602437385705
7464956,0,192.36245727539062,-86.26245880126953,-0.06437091529369354,0.0009065537579474087
7464957,0,192.36244201660156,-86.26248168945312,-0.05869167298078537,0.0009505965789723054
7464958,0,192.36244201660156,-86.26250457763672,-0.05351836979389191,0.0009212494476959983
7464959,0,192.36241149902344,-86.26252746582031,-0.04888515546917915,0.0008579028263360724
7464960,0,192.36241149902344,-86.26255798339844,-0.044789884239435196,0.0007800179557013085
7464961,0,192.36244201660156,-86.2625732421875,-0.04120860993862152,0.000699566261519776
7464962,0,192.36245727539062,-86.2625961303711,-0.0381040945649147,0.000621383905296448
7464963,0,192.36245727539062,-86.26261901855469,-0.03543258458375931,0.000548602235166063
7464964,0,192.3624725341797,-86.26263427734375,-0.03314792737364769,0.000482827811557864
7464965,0,192.3625030517578,-86.26264190673828,-0.031204603612422943,0.00042320989044772155
7464966,0,192.3625030517578,-86.26265716552734,-0.029559288173913956,0.0003707876998723741
7464967,0,192.3625030517578,-86.26266479492188,-0.028171958401799202,0.00032367249470591995
7464968,0,192.36251831054688,-86.2626724243164,-0.02700645476579666,0.00028271901405932447
7464969,0,192.36251831054688,-86.26268005371094,-0.026030387729406357,0.0002468338508576845
7464970,0,192.36251831054688,-86.2626953125,-0.02521541528403759,0.00021512942310287532
7464971,0,192.36253356933594,-86.2626953125,-0.0245367418974638,0.00018740214093354972
7464972,0,192.36253356933594,-86.26270294189453,-0.023972854018211365,0.00016321700589258992
7464973,0,192.36253356933594,-86.26270294189453,-0.0235054399818182,0.0001420350531589051
7464974,0,192.36253356933594,-86.26271057128906,-0.02311866730451584,0.00012380461546718778
7464975,0,192.36253356933594,-86.26271057128906,-0.022799339145421982,0.00010737464806376772
7464976,0,192.362548828125,-86.26271057128906,-0.02253604866564274,9.37245126580468e-05
7464977,0,192.362548828125,-86.26271057128906,-0.022319259122014046,8.154052606675798e-05
7464978,0,192.362548828125,-86.26272583007812,-0.0221411120146513,7.086588119591511e-05
7464979,0,192.362548828125,-86.26272583007812,-0.021994857117533684,6.185606037645968e-05
7464980,0,192.362548828125,-86.26272583007812,-0.02187499962747097,5.371746328835148e-05
7464981,0,192.362548828125,-86.26272583007812,-0.02177680842578411,4.667951962160993e-05
7464982,0,192.362548828125,-86.26272583007812,-0.02169654704630375,4.039633281901142e-05
7464983,0,192.362548828125,-86.26272583007812,-0.02163093537092209,3.547409653732075e-05
7464984,0,192.362548828125,-86.26272583007812,-0.0215773768723011,3.082527987295336e-05
7464985,0,192.362548828125,-86.26272583007812,-0.0215773768723011,0.0
7464986,0,192.362548828125,-86.26272583007812,-0.021541861817240715,3.364430749892953e-06
7464987,0,192.362548828125,-86.26272583007812,-0.021525496616959572,2.948774563584994e-06
7464988,0,192.362548828125,-86.26272583007812,-0.02150745317339897,2.9596847023495413e-06
7464989,0,192.362548828125,-86.26272583007812,-0.02148914337158203,2.8370119373327794e-06
7464990,0,192.362548828125,-86.26272583007812,-0.021471481770277023,2.600782263252118e-06
7464991,0,192.362548828125,-86.26272583007812,-0.021454887464642525,2.315593236907873e-06
7464992,0,192.362548828125,-86.26272583007812,-0.021439742296934128,2.1066208158032486e-06
7464993,0,192.362548828125,-86.26272583007812,-0.021426161751151085,1.820422969043529e-06
7464994,0,192.362548828125,-86.26272583007812,-0.02141410857439041,1.6356674450376265e-06
7464995,0,192.362548828125,-86.26272583007812,-0.02140357904136181,1.3340225194502595e-06
7464996,0,192.362548828125,-86.26272583007812,-0.02139442414045334,1.1859345126412414e-06
7464997,0,192.362548828125,-86.26272583007812,-0.021386565640568733,1.0641845417633199e-06
7464998,0,192.362548828125,-86.26272583007812,-0.02137981355190277,9.608249550076205e-07
7464999,0,192.362548828125,-86.26273345947266,-0.02137405425310135,8.089984884635836e-07
7465000,0,192.362548828125,-86.26273345947266,-0.021369170397520065,7.04584164980139e-07
7465001,0,192.362548828125,-86.26273345947266,-0.0213650893419981,6.123399280565247e-07
7465002,0,192.362548828125,-86.26273345947266,-0.0213650893419981,0.0
7465003,0,192.362548828125,-86.26273345947266,-0.021362151950597763,3.2852801849446104e-07
7465004,0,192.362548828125,-86.26273345947266,-0.021360740065574646,3.4047908706525765e-07
7465005,0,192.362548828125,-86.26273345947266,-0.021359138190746307,3.1496980179149886e-07
7465006,0,192.362548828125,-86.26273345947266,-0.021357497200369835,2.597616596764812e-07
7465007,0,192.362548828125,-86.26273345947266,-0.021355971693992615,3.3477608826100164e-07
7465008,0,192.362548828125,-86.26273345947266,-0.021354522556066513,2.2174747438577656e-07
7465009,0,192.362548828125,-86.26273345947266,-0.021353110671043396,2.291956552304441e-07
7465010,0,192.362548828125,-86.26273345947266,-0.021351967006921768,2.0524906248925984e-07
7465011,0,192.362548828125,-86.26273345947266,-0.02135089784860611,1.8573718602579465e-07
7465012,0,192.362548828125,-86.26273345947266,-0.02135089784860611,1.7700124557486652e-07
7465013,0,192.362548828125,-86.26273345947266,-0.021349182352423668,1.1782031330222303e-07
7465014,0,192.362548828125,-86.26273345947266,-0.021349182352423668,9.76434999561807e-08
7465015,0,192.362548828125,-86.26273345947266,-0.021347884088754654,1.7155822589346928e-07
7465016,0,192.362548828125,-86.26273345947266,-0.021347884088754654,5.625126831882749e-08
7465017,0,192.362548828125,-86.26273345947266,-0.021347884088754654,4.942342835072526e-08
7465018,0,192.362548828125,-86.26273345947266,-0.02134651131927967,1.1881342300303782e-07
7465019,0,192.362548828125,-86.26273345947266,-0.02134651131927967,0.0
7465020,0,192.362548828125,-86.26273345947266,-0.02134651131927967,5.5725567583321346e-08
7465021,0,192.362548828125,-86.26273345947266,-0.02134651131927967,6.728286948755722e-08
7465022,0,192.362548828125,-86.26273345947266,-0.02134651131927967,1.1143413957560368e-07
7465023,0,192.362548828125,-86.26273345947266,-0.02134651131927967,7.228422933869742e-08
7465024,0,192.362548828125,-86.26273345947266,-0.02134651131927967,4.440245477090589e-08
7465025,0,192.362548828125,-86.26273345947266,-0.02134651131927967,1.2033404036031904e-08
7465026,0,192.362548828125,-86.26273345947266,-0.021345481276512146,4.055963401181866e-08
7465027,0,192.362548828125,-86.26273345947266,-0.021345481276512146,4.9171186221809054e-08
7465028,0,192.362548828125,-86.26273345947266,-0.021345481276512146,2.0118119553045106e-08
7465029,0,192.362548828125,-86.26273345947266,-0.021345481276512146,8.407104478177573e-08
7465030,0,192.362548828125,-86.26273345947266,-0.021345481276512146,1.1179082437371517e-07
7465031,0,192.362548828125,-86.26273345947266,-0.021345481276512146,7.370621711968723e-08
7465032,0,192.362548828125,-86.26271057128906,-0.021343840286135674,0.001349584157321329
7465033,0,192.3626251220703,-86.25659942626953,-0.021464118734002113,0.319296020014832
7465034,0,192.36276245117188,-86.2426528930664,-0.021667709574103355,0.6274633320195983
7465035,0,192.36302185058594,-86.22117614746094,-0.021905936300754547,0.9252649806083271
7465036,0,192.36334228515625,-86.19245147705078,-0.0221488568931818,1.2124416554577828
7465037,0,192.36373901367188,-86.15676879882812,-0.02237827330827713,1.4888693142017002
7465038,0,192.3642578125,-86.1143798828125,-0.022584494203329086,1.7545310111039405
7465039,0,192.3648223876953,-86.0655746459961,-0.02276279404759407,2.009501999410652
7465040,0,192.36544799804688,-86.0106201171875,-0.022911833599209785,2.253930030463738
7465041,0,192.3661346435547,-85.94977569580078,-0.023032302036881447,2.4880276834487156
7465042,0,192.3668670654297,-85.88328552246094,-0.023125801235437393,2.71206337019525
7465043,0,192.36767578125,-85.8114013671875,-0.023194922134280205,2.9263469201686823
7465044,0,192.3685302734375,-85.7343521118164,-0.023242302238941193,3.1312272602785045
7465045,0,192.36941528320312,-85.65235900878906,-0.023270491510629654,3.32707951148629
7465046,0,192.37034606933594,-85.56565856933594,-0.023282699286937714,3.514301026078696
7465047,0,192.371337890625,-85.47444152832031,-0.0232807919383049,3.693297706607165
7465048,0,192.37234497070312,-85.37890625,-0.02326740138232708,3.864489285911526
7465049,0,192.37335205078125,-85.27923583984375,-0.023244628682732582,4.028385321981125
7465050,0,192.37440490722656,-85.17560577392578,-0.023214111104607582,4.185653535854051
7465051,0,192.37548828125,-85.06815338134766,-0.02317790873348713,4.336725428459473
7465052,0,192.37655639648438,-84.95703125,-0.02313709259033203,4.481920672524201
7465053,0,192.37767028808594,-84.84239959716797,-0.023093147203326225,4.621536867788158
7465054,0,192.3787841796875,-84.72438049316406,-0.023046759888529778,4.755861899497872
7465055,0,192.37989807128906,-84.60309600830078,-0.022998999804258347,4.885193739943817
7465056,0,192.38101196289062,-84.47866821289062,-0.022950325161218643,5.009816780823807
7465057,0,192.3821258544922,-84.35118865966797,-0.022639883682131767,5.131121589934849
7465058,0,192.38323974609375,-84.22075653076172,-0.022439269348978996,5.2476837083375765
7465059,0,192.3843536376953,-84.08748626708984,-0.022310294210910797,5.360305491863384
7465060,0,192.38548278808594,-83.95148468017578,-0.022227592766284943,5.469230412844491
7465061,0,192.3865966796875,-83.81282043457031,-0.02217388153076172,5.574696157555495
7465062,0,192.38771057128906,-83.67157745361328,-0.022138327360153198,5.676927344283549
7465063,0,192.38880920410156,-83.52783203125,-0.022113531827926636,5.776133894482921
7465064,0,192.38987731933594,-83.38166046142578,-0.0220947265625,5.8725183569495325
7465065,0,192.39093017578125,-83.23311614990234,-0.022079315036535263,5.966271051912467
7465066,0,192.39202880859375,-83.082275390625,-0.022065162658691406,6.057567805807369
7465067,0,192.39312744140625,-82.92919921875,-0.02205154299736023,6.14657315251373
7465068,0,192.39419555664062,-82.77392578125,-0.022037619724869728,6.233440527133295
7465069,0,192.39529418945312,-82.61653137207031,-0.022023506462574005,6.318311154368359
7465070,0,192.39637756347656,-82.45703887939453,-0.022008895874023438,6.401316506575019
7465071,0,192.39749145507812,-82.2955093383789,-0.02199401892721653,6.482578217382276
7465072,0,192.39857482910156,-82.13197326660156,-0.021978797391057014,6.5622072077655975
7465073,0,192.399658203125,-81.96647644042969,-0.021963538601994514,6.640308141027051
7465074,0,192.4007568359375,-81.7990493774414,-0.021947937086224556,6.716971984731367
7465075,0,192.40182495117188,-81.6297378540039,-0.02193279191851616,6.792293926105918
7465076,0,192.40286254882812,-81.45855712890625,-0.021917609497904778,6.866353456669346
7465077,0,192.40390014648438,-81.28555297851562,-0.02190280891954899,6.939221443099107
7465078,0,192.40492248535156,-81.1107406616211,-0.021888311952352524,7.0109613989954065
7465079,0,192.40589904785156,-80.93415069580078,-0.0218741986900568,7.081646210600763
7465080,0,192.40684509277344,-80.75582122802734,-0.021860579028725624,7.151328554778633
7465081,0,192.4077911376953,-80.57576751708984,-0.021847419440746307,7.220061822588855
7465082,0,192.40869140625,-80.39401245117188,-0.02183486893773079,7.2878924744627955
7465083,0,192.40956115722656,-80.2105712890625,-0.02182258479297161,7.354860667815271
7465084,0,192.410400390625,-80.02546691894531,-0.0218109879642725,7.421025297347539
7465085,0,192.41122436523438,-79.8387222290039,-0.021799812093377113,7.486415157882176
7465086,0,192.4120330810547,-79.65036010742188,-0.021789053454995155,7.551051712385534
7465087,0,192.4127960205078,-79.46039581298828,-0.02177886851131916,7.614995986309065
7465088,0,192.4134979248047,-79.26884460449219,-0.021769141778349876,7.678261436720508
7465089,0,192.41419982910156,-79.07572174072266,-0.021759718656539917,7.7408786314847395
7465090,0,192.4148406982422,-78.88105010986328,-0.02175094559788704,7.802868084316346
7465091,0,192.41542053222656,-78.68482971191406,-0.021742399781942368,7.864252741889218
7465092,0,192.416015625,-78.48709106445312,-0.021734314039349556,7.925382908800461
7465093,0,192.41651916503906,-78.2889633178711,-0.02170158363878727,7.925243004684984
7465094,0,192.41700744628906,-78.09092712402344,-0.02164863608777523,7.922169338240034
7465095,0,192.4174346923828,-77.89298248291016,-0.021588286384940147,7.91904785195947
7465096,0,192.41783142089844,-77.69511413574219,-0.021527595818042755,7.9159221937750885
7465097,0,192.41819763183594,-77.497314453125,-0.02147018350660801,7.912793843381756
7465098,0,192.4185333251953,-77.29959106445312,-0.021417655050754547,7.9096650489054
7465099,0,192.4188232421875,-77.10194396972656,-0.021370619535446167,7.90653585724126
7465100,0,192.4191436767578,-76.90437316894531,-0.021329231560230255,7.903403020228911
7465101,0,192.41944885253906,-76.70687103271484,-0.021292952820658684,7.900274503134722
7465102,0,192.4197540283203,-76.50944519042969,-0.02126152068376541,7.897151970642215
7465103,0,192.4200897216797,-76.31209564208984,-0.021234283223748207,7.894022464730455
7465104,0,192.42042541503906,-76.11483001708984,-0.02121078409254551,7.8907276121320695
7465105,0,192.4208221435547,-75.91763305664062,-0.021190451458096504,7.88760822229981
7465106,0,192.42127990722656,-75.72052001953125,-0.021173132583498955,7.884491470616739
7465107,0,192.421875,-75.52348327636719,-0.021158218383789062,7.881377283673685
7465108,0,192.4225616455078,-75.3265151977539,-0.021145399659872055,7.878261454011996
7465109,0,192.42335510253906,-75.12962341308594,-0.02113449014723301,7.875145679471667
7465110,0,192.42425537109375,-74.93282318115234,-0.0211250688880682,7.872032086376285
7465111,0,192.42526245117188,-74.736083984375,-0.02111690491437912,7.868913488305049
7465112,0,192.42636108398438,-74.5394287109375,-0.021110113710165024,7.865817011232097
7465113,0,192.42759704589844,-74.34213256835938,-0.02112174965441227,7.918924602044897
7465114,0,192.42893981933594,-74.14199829101562,-0.021185874938964844,8.031258090628361
7465115,0,192.43038940429688,-73.93911743164062,-0.021272888407111168,8.139877320179643
7465116,0,192.43191528320312,-73.73357391357422,-0.021364212036132812,8.24465639311524
7465117,0,192.4335174560547,-73.5254898071289,-0.021451225504279137,8.34591466831265
7465118,0,192.43521118164062,-73.31494140625,-0.02152915857732296,8.443912799529686
7465119,0,192.4369659423828,-73.10201263427734,-0.021596450358629227,8.53886254722544
7465120,0,192.43878173828125,-72.88677215576172,-0.0216528307646513,8.630984245155705
7465121,0,192.440673828125,-72.6692886352539,-0.02169925719499588,8.720475943967468
7465122,0,192.4425506591797,-72.44961547851562,-0.02173641137778759,8.807520935391457
7465123,0,192.44444274902344,-72.22781372070312,-0.021765556186437607,8.892313720307161
7465124,0,192.4463653564453,-72.00395202636719,-0.021787643432617188,8.97500581865368
7465125,0,192.4482421875,-71.7780532836914,-0.02180400863289833,9.055752585574472
7465126,0,192.45008850097656,-71.5501708984375,-0.021815452724695206,9.134621460317257
7465127,0,192.451904296875,-71.32036590576172,-0.021822432056069374,9.211331109502567
7465128,0,192.45370483398438,-71.08869171142578,-0.021825484931468964,9.285272987918805
7465129,0,192.45545959472656,-70.8552474975586,-0.021824531257152557,9.355730231681761
7465130,0,192.45718383789062,-70.6201171875,-0.02181926742196083,9.42211882625682
7465131,0,192.4589080810547,-70.38340759277344,-0.021809807047247887,9.484009675366952
7465132,0,192.46058654785156,-70.14524841308594,-0.021796150133013725,9.54084906429704
7465133,0,192.46226501464844,-69.90577697753906,-0.02177806757390499,9.592136939129533
7465134,0,192.46392822265625,-69.6651382446289,-0.02175544761121273,9.637431569183892
7465135,0,192.46556091308594,-69.42349243164062,-0.02172878198325634,9.676461624528086
7465136,0,192.4672393798828,-69.18099212646484,-0.021697577089071274,9.708965600534627
7465137,0,192.4689178466797,-68.93780517578125,-0.021662482991814613,9.734805500885852
7465138,0,192.4706268310547,-68.69409942626953,-0.02162376418709755,9.754085534909985
7465139,0,192.4723663330078,-68.45003509521484,-0.021581992506980896,9.767167755194306
7465140,0,192.47418212890625,-68.20575714111328,-0.02153751254081726,9.77378056804185
7465141,0,192.47610473632812,-67.9614486694336,-0.02149082161486149,9.773979443601846
7465142,0,192.47813415527344,-67.71724700927734,-0.02144210785627365,9.767934123822172
7465143,0,192.4803009033203,-67.47331237792969,-0.021392174065113068,9.756189836225772
7465144,0,192.4825897216797,-67.22976684570312,-0.02134140022099018,9.73930690399119
7465145,0,192.4850311279297,-66.98674011230469,-0.021290739998221397,9.717740960294503
7465146,0,192.48760986328125,-66.74431610107422,-0.02124057710170746,9.692008157542464
7465147,0,192.49037170410156,-66.50261688232422,-0.021191557869315147,9.66260630100854
7465148,0,192.49327087402344,-66.26171875,-0.021144218742847443,9.630341762582471
7465149,0,192.4963836669922,-66.02165222167969,-0.021099280565977097,9.595919918838408
7465150,0,192.49961853027344,-65.78248596191406,-0.021057242527604103,9.559707522006299
7465151,0,192.50306701660156,-65.54425048828125,-0.02101806551218033,9.521982518910884
7465152,0,192.50669860839844,-65.3069839477539,-0.02098209410905838,9.483013938699989
7465153,0,192.5104522705078,-65.07071685791016,-0.020949095487594604,9.44296850887005
7465154,0,192.5143585205078,-64.83546447753906,-0.02091907523572445,9.402194179578554
7465155,0,192.518310546875,-64.60122680664062,-0.020892256870865822,9.36126107464433
7465156,0,192.52235412597656,-64.3680191040039,-0.020868759602308273,9.320723922459624
7465157,0,192.5264434814453,-64.13579559326172,-0.020848503336310387,9.280867589912265
7465158,0,192.53054809570312,-63.90456008911133,-0.020831679925322533,9.241957484528479
7465159,0,192.53468322753906,-63.67426681518555,-0.020818175747990608,9.204148046809575
7465160,0,192.53884887695312,-63.44490051269531,-0.020807571709156036,9.16744836972976
7465161,0,192.54302978515625,-63.21642303466797,-0.020799826830625534,9.131980493919162
7465162,0,192.54718017578125,-62.98881149291992,-0.020794639363884926,9.097617296933178
7465163,0,192.55136108398438,-62.76203536987305,-0.020791778340935707,9.06463835259823
7465164,0,192.55548095703125,-62.536048889160156,-0.020790785551071167,9.033017927847748
7465165,0,192.55960083007812,-62.31083297729492,-0.020791739225387573,9.002654697013273
7465166,0,192.56370544433594,-62.086341857910156,-0.020794447511434555,8.974022688394417
7465167,0,192.5677947998047,-61.86252975463867,-0.020798873156309128,8.94729436593811
7465168,0,192.57180786132812,-61.63934326171875,-0.02080482430756092,8.922701244685543
7465169,0,192.57582092285156,-61.41672897338867,-0.020812949165701866,8.900518018491844
7465170,0,192.579833984375,-61.19461441040039,-0.0208226777613163,8.880884898014193
7465171,0,192.58384704589844,-60.97294235229492,-0.020834121853113174,8.86373237010472
7465172,0,192.5878448486328,-60.75165557861328,-0.020846938714385033,8.849005485286618
7465173,0,192.59185791015625,-60.5306396484375,-0.020862502977252007,8.840628474545593
7465174,0,192.59584045410156,-60.30971145629883,-0.02088218554854393,8.83709058743176
7465175,0,192.59983825683594,-60.0888671875,-0.02090282365679741,8.833550104608403
7465176,0,192.6038360595703,-59.86811447143555,-0.020922966301441193,8.83002108693588
7465177,0,192.60787963867188,-59.64745330810547,-0.020941581577062607,8.826496323371074
7465178,0,192.61196899414062,-59.426883697509766,-0.020958442240953445,8.822974057799419
7465179,0,192.6160888671875,-59.20640182495117,-0.020973358303308487,8.819453882503906
7465180,0,192.62022399902344,-58.98600769042969,-0.02098648063838482,8.815933917582365
7465181,0,192.62440490722656,-58.76570510864258,-0.020997771993279457,8.812408877984478
7465182,0,192.6285858154297,-58.54549789428711,-0.021007651463150978,8.808873230634637
7465183,0,192.63278198242188,-58.325374603271484,-0.021016273647546768,8.805292337360084
7465184,0,192.63699340820312,-58.1053466796875,-0.021023482084274292,8.801700184121477
7465185,0,192.64112854003906,-57.88540267944336,-0.02102973870933056,8.798100630610845
7465186,0,192.64517211914062,-57.66555404663086,-0.021035078912973404,8.794440702829199
7465187,0,192.64903259277344,-57.4457893371582,-0.021039694547653198,8.790916234144555
7465188,0,192.6527099609375,-57.226112365722656,-0.02104366198182106,8.787360952327328
7465189,0,192.65618896484375,-57.00651550292969,-0.021047057583928108,8.7838882493229
7465190,0,192.65940856933594,-56.787010192871094,-0.021050184965133667,8.780406702764301
7465191,0,192.6624298095703,-56.56758117675781,-0.021052779629826546,8.776911781877681
7465192,0,192.66526794433594,-56.34823989868164,-0.021054839715361595,8.773404765694774
7465193,0,192.66793823242188,-56.12898254394531,-0.02105667069554329,8.769905416072021
7465194,0,192.67050170898438,-55.90911102294922,-0.021074026823043823,8.803785330501546
7465195,0,192.67294311523438,-55.688377380371094,-0.02110237069427967,8.837288943010867
7465196,0,192.67532348632812,-55.466819763183594,-0.021134642884135246,8.869853905277724
7465197,0,192.67759704589844,-55.24445724487305,-0.021166495978832245,8.901933257710448
7465198,0,192.6797637939453,-55.02130126953125,-0.02119617350399494,8.933463205758338
7465199,0,192.681884765625,-54.79737091064453,-0.021222839131951332,8.96462777069848
7465200,0,192.68397521972656,-54.572669982910156,-0.021246185526251793,8.995265437299855
7465201,0,192.68605041503906,-54.347225189208984,-0.021266059949994087,9.024956154254053
7465202,0,192.68812561035156,-54.12105941772461,-0.02128242515027523,9.053416335003853
7465203,0,192.690185546875,-53.89420700073242,-0.021295318379998207,9.080640070091757
7465204,0,192.69232177734375,-53.66670227050781,-0.02130512148141861,9.106800866806202
7465205,0,192.69447326660156,-53.438568115234375,-0.02131214179098606,9.131673758383757
7465206,0,192.6967010498047,-53.209842681884766,-0.021316565573215485,9.15509605016698
7465207,0,192.698974609375,-52.980560302734375,-0.02131858840584755,9.177107586003569
7465208,0,192.70132446289062,-52.750755310058594,-0.021318664774298668,9.197794984377442
7465209,0,192.7037811279297,-52.52045822143555,-0.02131679467856884,9.217010664754229
7465210,0,192.70635986328125,-52.28971862792969,-0.02131328545510769,9.234399743684234
7465211,0,192.70904541015625,-52.05859375,-0.02130790613591671,9.249711852491686
7465212,0,192.7118377685547,-51.82712173461914,-0.021300774067640305,9.262805317560009
7465213,0,192.71473693847656,-51.59537887573242,-0.021291693672537804,9.273174523471194
7465214,0,192.71774291992188,-51.36343002319336,-0.021280555054545403,9.280861134296776
7465215,0,192.72084045410156,-51.1313362121582,-0.02126789093017578,9.286247369653722
7465216,0,192.72398376464844,-50.89914321899414,-0.0212540440261364,9.289392518960732
7465217,0,192.72718811035156,-50.66694259643555,-0.021238364279270172,9.288927676054954
7465218,0,192.7303924560547,-50.43485641479492,-0.021220091730356216,9.28328256469993
7465219,0,192.73353576660156,-50.2029914855957,-0.021199150010943413,9.273295569462798
7465220,0,192.7366180419922,-49.97145080566406,-0.021175917237997055,9.259566573538716
7465221,0,192.7395782470703,-49.74031066894531,-0.021151084452867508,9.242881964624246
7465222,0,192.742431640625,-49.50962829589844,-0.021125677973031998,9.224091437464027
7465223,0,192.74513244628906,-49.279457092285156,-0.021100157871842384,9.202721154945898
7465224,0,192.74769592285156,-49.04985809326172,-0.021074753254652023,9.179614966511222
7465225,0,192.75009155273438,-48.82084274291992,-0.021050719544291496,9.155933415061474
7465226,0,192.7523651123047,-48.592430114746094,-0.021028289571404457,9.13163456622108
7465227,0,192.7544708251953,-48.36461639404297,-0.021007919684052467,9.107390086369836
7465228,0,192.75643920898438,-48.13742446899414,-0.020989494398236275,9.082597634590991
7465229,0,192.75831604003906,-47.910823822021484,-0.02097366377711296,9.058891587077206
7465230,0,192.76007080078125,-47.68478012084961,-0.020960845053195953,9.037165535497333
7465231,0,192.7617950439453,-47.459232330322266,-0.020951690152287483,9.0178098194778
7465232,0,192.76348876953125,-47.234100341796875,-0.020946616306900978,9.001935518529486
7465233,0,192.7652130126953,-47.009300231933594,-0.02094573900103569,8.98956798756692
7465234,0,192.7669677734375,-46.78475570678711,-0.020948676392436028,8.979681531682715
7465235,0,192.76878356933594,-46.5604248046875,-0.020954398438334465,8.971499212973464
7465236,0,192.7706756591797,-46.33626174926758,-0.020961875095963478,8.964725484846221
7465237,0,192.772705078125,-46.112239837646484,-0.020970840007066727,8.959847042019728
7465238,0,192.7748565673828,-45.8882942199707,-0.020981254056096077,8.957126503202216
7465239,0,192.7771453857422,-45.66437911987305,-0.02099285088479519,8.956670958724187
7465240,0,192.77952575683594,-45.44043731689453,-0.021005820482969284,8.958260125183255
7465241,0,192.78204345703125,-45.21642303466797,-0.021019477397203445,8.96149062447608
7465242,0,192.78468322753906,-44.9923095703125,-0.02103332430124283,8.965912597428945
7465243,0,192.7874298095703,-44.768070220947266,-0.021047096699476242,8.971024367665748
7465244,0,192.79034423828125,-44.543701171875,-0.02106025628745556,8.976558334776024
7465245,0,192.7934112548828,-44.31918716430664,-0.02107246406376362,8.982380185752316
7465246,0,192.79660034179688,-44.09453201293945,-0.02108360268175602,8.988340665010497
7465247,0,192.79991149902344,-43.86972427368164,-0.021093634888529778,8.99453919895027
7465248,0,192.80335998535156,-43.64474868774414,-0.021102866157889366,9.001314085527653
7465249,0,192.806884765625,-43.41960525512695,-0.021111182868480682,9.008439682125045
7465250,0,192.81048583984375,-43.19428253173828,-0.02111888863146305,9.015726975099264
7465251,0,192.81410217285156,-42.968772888183594,-0.021125946193933487,9.023197015927005
7465252,0,192.81773376464844,-42.74307632446289,-0.02113224007189274,9.030968483313064
7465253,0,192.8213653564453,-42.51716613769531,-0.021138152107596397,9.039247118358492
7465254,0,192.82498168945312,-42.291053771972656,-0.021143684163689613,9.047746577964388
7465255,0,192.82858276367188,-42.064720153808594,-0.021148834377527237,9.05644041019751
7465256,0,192.8322296142578,-41.838172912597656,-0.02115345001220703,9.06518915270895
7465257,0,192.83583068847656,-41.61140441894531,-0.021157454699277878,9.073936735298043
7465258,0,192.8394317626953,-41.38440704345703,-0.02116134576499462,9.083127422634956
7465259,0,192.84300231933594,-41.15717315673828,-0.021165160462260246,9.092982986948169
7465260,0,192.84657287597656,-40.92967987060547,-0.021169014275074005,9.103318778661121
7465261,0,192.85015869140625,-40.70192337036133,-0.02117290534079075,9.114045453838868
7465262,0,192.8537139892578,-40.47389602661133,-0.021176643669605255,9.124674779104666
7465263,0,192.85728454589844,-40.24561309814453,-0.02117973193526268,9.134919660226249
7465264,0,192.86080932617188,-40.01707077026367,-0.02118251845240593,9.145267947342338
7465265,0,192.86431884765625,-39.78826141357422,-0.02118503488600254,9.155975720417153
7465266,0,192.86781311035156,-39.55918502807617,-0.021187324076890945,9.166738587055466
7465267,0,192.87132263183594,-39.3298454284668,-0.021189460530877113,9.177240788894993
7465268,0,192.8748016357422,-39.10024642944336,-0.021190986037254333,9.187486572404875
7465269,0,192.87831115722656,-38.87038803100586,-0.021192435175180435,9.19815570133373
7465270,0,192.88186645507812,-38.6402473449707,-0.02119399979710579,9.209579225763283
7465271,0,192.8854217529297,-38.409812927246094,-0.0211959071457386,9.221463253753921
7465272,0,192.8889923095703,-38.17906951904297,-0.021198157221078873,9.233678178344729
7465273,0,192.892578125,-37.948020935058594,-0.02120063826441765,9.246257176568722
7465274,0,192.8961944580078,-37.716651916503906,-0.021203001961112022,9.25893040277795
7465275,0,192.89979553222656,-37.48497009277344,-0.021205253899097443,9.271498828595842
7465276,0,192.90341186523438,-37.25297927856445,-0.021207237616181374,9.283643567735064
7465277,0,192.9070281982422,-37.02070617675781,-0.02120819129049778,9.294695058855734
7465278,0,192.9105987548828,-36.78819274902344,-0.021207885816693306,9.303734343345928
7465279,0,192.9141387939453,-36.555477142333984,-0.02120593935251236,9.311478932598193
7465280,0,192.9176483154297,-36.32259750366211,-0.021202659234404564,9.31789463792707
7465281,0,192.9210968017578,-36.0895881652832,-0.02119796723127365,9.322583779461437
7465282,0,192.92446899414062,-35.85648727416992,-0.02119212970137596,9.326119224842909
7465283,0,192.92782592773438,-35.62330627441406,-0.021185798570513725,9.329030048111363
7465284,0,192.9311065673828,-35.39006042480469,-0.021179236471652985,9.331792260638244
7465285,0,192.93435668945312,-35.156742095947266,-0.02117282897233963,9.334502106192389
7465286,0,192.93756103515625,-34.92335510253906,-0.021167106926441193,9.337251467729988
7465287,0,192.94070434570312,-34.68989562988281,-0.021161917597055435,9.340014202806456
7465288,0,192.94381713867188,-34.45636749267578,-0.021157417446374893,9.342876324063115
7465289,0,192.94688415527344,-34.22276306152344,-0.021153563633561134,9.345975914899505
7465290,0,192.949951171875,-33.98907470703125,-0.021150359883904457,9.349251398798152
7465291,0,192.9530029296875,-33.755306243896484,-0.021147841587662697,9.352280605046309
7465292,0,192.9560089111328,-33.5214729309082,-0.021145325154066086,9.354949129282689
7465293,0,192.95899963378906,-33.287574768066406,-0.021142806857824326,9.357235897148142
7465294,0,192.96197509765625,-33.05363082885742,-0.0211403276771307,9.35903343682122
7465295,0,192.9649200439453,-32.81964874267578,-0.021137695759534836,9.360458542251797
7465296,0,192.96788024902344,-32.585636138916016,-0.02113494835793972,9.361491790078958
7465297,0,192.97085571289062,-32.35160827636719,-0.021132124587893486,9.362094490893458
7465298,0,192.97384643554688,-32.11757278442383,-0.02112911269068718,9.362334604927458
7465299,0,192.97683715820312,-31.88353729248047,-0.021126098930835724,9.362229182057268
7465300,0,192.9798583984375,-31.64950942993164,-0.02112293243408203,9.361862957824075
7465301,0,192.98291015625,-31.41549301147461,-0.02112003229558468,9.361454665421782
7465302,0,192.98599243164062,-31.181488037109375,-0.02111724764108658,9.361049626037433
7465303,0,192.9890899658203,-30.94749641418457,-0.021114768460392952,9.36049589663062
7465304,0,192.99221801757812,-30.713523864746094,-0.021112289279699326,9.359518384983826
7465305,0,192.99534606933594,-30.47958755493164,-0.02110973373055458,9.358008088640162
7465306,0,192.99850463867188,-30.245695114135742,-0.021107101812958717,9.356187155426328
7465307,0,193.001708984375,-30.011850357055664,-0.02110443077981472,9.354131361704207
7465308,0,193.00494384765625,-29.7780704498291,-0.02110164612531662,9.351465935687116
7465309,0,193.00816345214844,-29.544368743896484,-0.021098479628562927,9.348151285955703
7465310,0,193.0113983154297,-29.31076431274414,-0.021095123142004013,9.344218887066862
7465311,0,193.0146484375,-29.077272415161133,-0.02109123207628727,9.339413581960265
7465312,0,193.0178680419922,-28.843935012817383,-0.021086692810058594,9.332871372616584
7465313,0,193.0210723876953,-28.61077308654785,-0.021081389859318733,9.325607944159016
7465314,0,193.0242462158203,-28.377809524536133,-0.02107563056051731,9.317624496888616
7465315,0,193.02737426757812,-28.145048141479492,-0.021069832146167755,9.309301321604803
7465316,0,193.0304718017578,-27.91248893737793,-0.021064413711428642,9.301434224564076
7465317,0,193.0335235595703,-27.68012237548828,-0.021059684455394745,9.293782369148447
7465318,0,193.03651428222656,-27.44795036315918,-0.02105541154742241,9.285616264579314
7465319,0,193.0395050048828,-27.21600341796875,-0.021051138639450073,9.27658184018332
7465320,0,193.04241943359375,-26.984289169311523,-0.021046867594122887,9.26714862081607
7465321,0,193.04530334472656,-26.7528018951416,-0.02104293741285801,9.258189759955952
7465322,0,193.0481414794922,-26.521514892578125,-0.021039923653006554,9.25031585974249
7465323,0,193.05101013183594,-26.290401458740234,-0.021038245409727097,9.24382164791185
7465324,0,193.0538787841797,-26.059417724609375,-0.021038169041275978,9.238799698906233
7465325,0,193.05677795410156,-25.82854461669922,-0.021039580926299095,9.234785106687395
7465326,0,193.0596466064453,-25.597761154174805,-0.021041983738541603,9.231070031285933
7465327,0,193.06256103515625,-25.367061614990234,-0.021044768393039703,9.227899560118551
7465328,0,193.0655059814453,-25.13642120361328,-0.021048201248049736,9.225802140965888
7465329,0,193.0685272216797,-24.90581512451172,-0.02105236053466797,9.224674323570522
7465330,0,193.0715789794922,-24.675216674804688,-0.02105712890625,9.224517963449694
7465331,0,193.07467651367188,-24.444610595703125,-0.02106242999434471,9.225216001231033
7465332,0,193.07786560058594,-24.213966369628906,-0.02106834389269352,9.227005038174447
7465333,0,193.0811309814453,-23.983266830444336,-0.021074600517749786,9.22946928144854
7465334,0,193.08441162109375,-23.752492904663086,-0.021080894395709038,9.232578660110407
7465335,0,193.08775329589844,-23.521625518798828,-0.021087417379021645,9.236395998456612
7465336,0,193.0911407470703,-23.290653228759766,-0.021093787625432014,9.240746723328055
7465337,0,193.0945281982422,-23.059572219848633,-0.0211001206189394,9.245355745468066
7465338,0,193.09793090820312,-22.828365325927734,-0.021106185391545296,9.250381948196594
7465339,0,193.10128784179688,-22.597028732299805,-0.02111179381608963,9.255673278156907
7465340,0,193.10459899902344,-22.365550994873047,-0.021117134019732475,9.26119308656473
7465341,0,193.10787963867188,-22.133955001831055,-0.0211215578019619,9.265680599547077
7465342,0,193.111083984375,-21.902265548706055,-0.021124763414263725,9.269093686819549
7465343,0,193.1142578125,-21.670515060424805,-0.02112640254199505,9.271337417113076
7465344,0,193.11732482910156,-21.438711166381836,-0.02112724259495735,9.273641286171653
7465345,0,193.12033081054688,-21.206838607788086,-0.02112750895321369,9.276346509036616
7465346,0,193.12327575683594,-20.974884033203125,-0.021127929911017418,9.279702693609524
7465347,0,193.1261749267578,-20.74282455444336,-0.021129149943590164,9.284327474946005
7465348,0,193.12904357910156,-20.510629653930664,-0.02113109454512596,9.28998060243447
7465349,0,193.1319122314453,-20.278270721435547,-0.021133804693818092,9.296671066476776
7465350,0,193.13478088378906,-20.045726776123047,-0.021137656643986702,9.304337032717038
7465351,0,193.1376953125,-19.812978744506836,-0.021141814067959785,9.312476863219363
7465352,0,193.14064025878906,-19.580028533935547,-0.021146202459931374,9.320706689517166
7465353,0,193.1436309814453,-19.34687042236328,-0.02115039713680744,9.329060458049248
7465354,0,193.14671325683594,-19.113502502441406,-0.021154440939426422,9.337555430839062
7465355,0,193.1498565673828,-18.87991714477539,-0.02115817926824093,9.346355855633858
7465356,0,193.153076171875,-18.6461124420166,-0.02116168849170208,9.355128607283795
7465357,0,193.15635681152344,-18.412099838256836,-0.02116474136710167,9.363369957505611
7465358,0,193.15969848632812,-18.177886962890625,-0.021167030557990074,9.37144190935824
7465359,0,193.16310119628906,-17.943470001220703,-0.021168898791074753,9.379594594306935
7465360,0,193.16656494140625,-17.708866119384766,-0.02117012068629265,9.386811999292325
7465361,0,193.17007446289062,-17.47411346435547,-0.02117012068629265,9.392419738524213
7465362,0,193.1736602783203,-17.2392578125,-0.02116859331727028,9.396091864135531
7465363,0,193.1773223876953,-17.004350662231445,-0.02116519957780838,9.397864335619268
7465364,0,193.1810302734375,-16.76943588256836,-0.021159933879971504,9.397874147620556
7465365,0,193.18478393554688,-16.5345401763916,-0.02115379273891449,9.39699038463866
7465366,0,193.18858337402344,-16.299673080444336,-0.02114707976579666,9.395932859921247
7465367,0,193.19241333007812,-16.06482696533203,-0.021140631288290024,9.395101413824856
7465368,0,193.19631958007812,-15.829999923706055,-0.02113468199968338,9.394367248338492
7465369,0,193.20030212402344,-15.59520149230957,-0.021129263564944267,9.393210068420371
7465370,0,193.2043914794922,-15.360426902770996,-0.02112445794045925,9.392361360564403
7465371,0,193.20852661132812,-15.125667572021484,-0.021120453253388405,9.391836787577441
7465372,0,193.2127685546875,-14.890918731689453,-0.02111724764108658,9.391492672527662
7465373,0,193.21707153320312,-14.65617561340332,-0.021114692091941833,9.391427015548278
7465374,0,193.2214813232422,-14.421426773071289,-0.021112747490406036,9.391621446577757
7465375,0,193.2260284423828,-14.186691284179688,-0.021111030131578445,9.391016191907745
7465376,0,193.230712890625,-13.951993942260742,-0.021108893677592278,9.389278071777456
7465377,0,193.23550415039062,-13.717371940612793,-0.02110576629638672,9.38609312631684
7465378,0,193.24037170410156,-13.482840538024902,-0.021102217957377434,9.382518240029917
7465379,0,193.24533081054688,-13.248395919799805,-0.02109851874411106,9.379188471631554
7465380,0,193.2503204345703,-13.014033317565918,-0.02109519951045513,9.375972882293691
7465381,0,193.2553253173828,-12.779751777648926,-0.021092070266604424,9.372559352421263
7465382,0,193.26034545898438,-12.54558277130127,-0.021088752895593643,9.367577190737595
7465383,0,193.2653045654297,-12.311616897583008,-0.021083220839500427,9.358308639713563
7465384,0,193.27017211914062,-12.077960014343262,-0.021075019612908363,9.345150764749116
7465385,0,193.27490234375,-11.844732284545898,-0.02106277458369732,9.325024600618338
7465386,0,193.27951049804688,-11.612439155578613,-0.021038474515080452,9.282208335703768
7465387,0,193.28390502929688,-11.38166332244873,-0.020996971055865288,9.215981513686721
7465388,0,193.2880859375,-11.152854919433594,-0.020939787849783897,9.137310363934551
7465389,0,193.29200744628906,-10.925694465637207,-0.02088416926562786,9.072176775674999
7465390,0,193.29568481445312,-10.700535774230957,-0.020824698731303215,8.986720516329045
7465391,0,193.2991180419922,-10.47791576385498,-0.0207553468644619,8.879994151151672
7465392,0,193.30224609375,-10.258463859558105,-0.020671043545007706,8.74485447004444
7465393,0,193.30506896972656,-10.043107986450195,-0.020564422011375427,8.573620497740672
7465394,0,193.3076171875,-9.832595825195312,-0.020436858758330345,8.373835249247854
7465395,0,193.3099365234375,-9.627273559570312,-0.020298462361097336,8.165700957659864
7465396,0,193.31198120117188,-9.427163124084473,-0.020162086933851242,7.957061102379605
7465397,0,193.31385803222656,-9.232258796691895,-0.020034560933709145,7.748498893240903
7465398,0,193.31558227539062,-9.042412757873535,-0.019922446459531784,7.551246611112427
7465399,0,193.317138671875,-8.856767654418945,-0.019842490553855896,7.385622768648044
7465400,0,193.31858825683594,-8.67578125,-0.019773559644818306,7.191485758998543
7465401,0,193.3199005126953,-8.499947547912598,-0.019704360514879227,6.983650693694324
7465402,0,193.3210906982422,-8.329319953918457,-0.019638175144791603,6.775271177910629
7465403,0,193.32215881347656,-8.163895606994629,-0.019577408209443092,6.566997061129864
7465404,0,193.32318115234375,-8.003669738769531,-0.019522972404956818,6.358875538331706
7465405,0,193.3240966796875,-7.848641395568848,-0.019474944099783897,6.1507192542046765
7465406,0,193.3249969482422,-7.698811054229736,-0.019433021545410156,5.942628655770414
7465407,0,193.32582092285156,-7.55399751663208,-0.019400939345359802,5.748872999796935
7465408,0,193.32659912109375,-7.4129486083984375,-0.019402388483285904,5.611042698699338
7465409,0,193.32725524902344,-7.274296760559082,-0.01944931037724018,5.526985527752832
7465410,0,193.3278350830078,-7.136720657348633,-0.01954471506178379,5.495382313283787
7465411,0,193.3282928466797,-6.999334335327148,-0.01967681758105755,5.483353657085238
7465412,0,193.3286895751953,-6.862917423248291,-0.019804572686553,5.438659355879221
7465413,0,193.32896423339844,-6.729043483734131,-0.01988975517451763,5.32380324623184
7465414,0,193.32907104492188,-6.598239421844482,-0.019937705248594284,5.198421351042488
7465415,0,193.32907104492188,-6.470873832702637,-0.01995563507080078,5.057965007234562
7465416,0,193.3289337158203,-6.34735631942749,-0.02007007598876953,4.900160488899293
7465417,0,193.3286895751953,-6.228143215179443,-0.020219802856445312,4.724754513110638
7465418,0,193.32833862304688,-6.113475322723389,-0.02028934471309185,4.542184172130381
7465419,0,193.32786560058594,-6.00344181060791,-0.020304908975958824,4.356297042132398
7465420,0,193.32725524902344,-5.898115634918213,-0.020284613594412804,4.167412228599373
7465421,0,193.3266143798828,-5.797553539276123,-0.020242270082235336,3.9763138437821657
7465422,0,193.32591247558594,-5.701815605163574,-0.020187033340334892,3.782744279164976
7465423,0,193.32522583007812,-5.610958099365234,-0.020125312730669975,3.587021963964579
7465424,0,193.32460021972656,-5.525008201599121,-0.020061759278178215,3.3904331490085213
7465425,0,193.32408142089844,-5.443974018096924,-0.019999809563159943,3.193664594900861
7465426,0,193.3236083984375,-5.367855548858643,-0.01994171179831028,2.9966820490997246
7465427,0,193.32330322265625,-5.296677589416504,-0.01988784782588482,2.798796299108175
7465428,0,193.32310485839844,-5.230447769165039,-0.019838865846395493,2.600764135078213
7465429,0,193.32298278808594,-5.1688690185546875,-0.019801216199994087,2.421189577235732
7465430,0,193.32289123535156,-5.111041069030762,-0.01978832110762596,2.2805015948643192
7465431,0,193.32286071777344,-5.05588436126709,-0.019809454679489136,2.183999700396799
7465432,0,193.3229217529297,-5.002192974090576,-0.019870910793542862,2.13663714166253
7465433,0,193.322998046875,-4.949043273925781,-0.01996810920536518,2.1192516584690626
7465434,0,193.32310485839844,-4.895995140075684,-0.02008918672800064,2.1186744468141905
7465435,0,193.3232421875,-4.8426513671875,-0.020225409418344498,2.133782003844811
7465436,0,193.32337951660156,-4.788687229156494,-0.020369835197925568,2.1613222382916875
7465437,0,193.3235321044922,-4.733847141265869,-0.02051662467420101,2.198574150113367
7465438,0,193.32369995117188,-4.677931785583496,-0.020661314949393272,2.243475661977992
7465439,0,193.32383728027344,-4.620782852172852,-0.020800743252038956,2.2944216392065093
7465440,0,193.323974609375,-4.562275409698486,-0.020932845771312714,2.3501712176704936
7465441,0,193.32411193847656,-4.5023088455200195,-0.02105605974793434,2.4097447757759496
7465442,0,193.32427978515625,-4.440802097320557,-0.021169815212488174,2.472384279008141
7465443,0,193.32443237304688,-4.377689838409424,-0.021273650228977203,2.537492608465442
7465444,0,193.3245391845703,-4.312920093536377,-0.021367911249399185,2.604600237841958
7465445,0,193.32467651367188,-4.246449947357178,-0.021452827379107475,2.6733313712031936
7465446,0,193.32481384277344,-4.178243160247803,-0.02152896858751774,2.7433864747418424
7465447,0,193.324951171875,-4.108270645141602,-0.021596793085336685,2.8145297288165607
7465448,0,193.32513427734375,-4.036509037017822,-0.021657103672623634,2.8865675903673607
7465449,0,193.3252716064453,-3.962938070297241,-0.021710585802793503,2.9593425057274803
7465450,0,193.32540893554688,-3.8875415325164795,-0.02175758220255375,3.032733709349688
7465451,0,193.3255615234375,-3.8103041648864746,-0.02179897204041481,3.106637882043298
7465452,0,193.32574462890625,-3.731215715408325,-0.02183540351688862,3.1809715065865545
7465453,0,193.32591247558594,-3.650265693664551,-0.02186744660139084,3.2556665722288733
7465454,0,193.32606506347656,-3.567445993423462,-0.021895408630371094,3.3306695004543743
7465455,0,193.32626342773438,-3.48274827003479,-0.02191985957324505,3.405933743752553
7465456,0,193.32644653320312,-3.3961682319641113,-0.021941184997558594,3.481420962154608
7465457,0,193.32666015625,-3.307699203491211,-0.021959837526082993,3.5570998788412123
7465458,0,193.3268585205078,-3.217336893081665,-0.021976202726364136,3.6329497506126787
7465459,0,193.3271026611328,-3.1250767707824707,-0.021990317851305008,3.70894755927732
7465460,0,193.3273468017578,-3.030916452407837,-0.022002829238772392,3.7850735129917457
7465461,0,193.32760620117188,-2.934851884841919,-0.02201366424560547,3.861315575712145
7465462,0,193.32791137695312,-2.8368804454803467,-0.02202308550477028,3.937660167930018
7465463,0,193.32821655273438,-2.73699951171875,-0.022031286731362343,4.014101142012676
7465464,0,193.32855224609375,-2.635206937789917,-0.02203845977783203,4.090625477451341
7465465,0,193.3289031982422,-2.5315005779266357,-0.022044753655791283,4.167226253516027
7465466,0,193.3292999267578,-2.4258787631988525,-0.022050246596336365,4.243899062703158
7465467,0,193.32968139648438,-2.3183393478393555,-0.022055014967918396,4.320633886052353
7465468,0,193.33009338378906,-2.208881139755249,-0.022059287875890732,4.397433630320398
7465469,0,193.3305206298828,-2.0975019931793213,-0.02206313982605934,4.474288008583847
7465470,0,193.3309783935547,-1.9842009544372559,-0.02206645905971527,4.551202169232758
7465471,0,193.33143615722656,-1.868976354598999,-0.022069472819566727,4.628168245421364
7465472,0,193.33192443847656,-1.7518272399902344,-0.02207202836871147,4.70518105516378
7465473,0,193.3324432373047,-1.6327526569366455,-0.02207435481250286,4.782213532127382
7465474,0,193.33297729492188,-1.5117526054382324,-0.02207641489803791,4.859227246299192
7465475,0,193.33352661132812,-1.3888287544250488,-0.022078169509768486,4.936186746768422
7465476,0,193.33413696289062,-1.2639827728271484,-0.022079620510339737,5.013055919566006
7465477,0,193.33474731445312,-1.1372044086456299,-0.021827276796102524,5.090586001189322
7465478,0,193.33538818359375,-1.010292887687683,-0.021641310304403305,5.083272111928137
7465479,0,193.3360137939453,-0.8834273815155029,-0.021502455696463585,5.079084903413012
7465480,0,193.336669921875,-0.7566103935241699,-0.021399574354290962,5.076029374928827
7465481,0,193.33737182617188,-0.6298395991325378,-0.02132369950413704,5.073497208643337
7465482,0,193.33811950683594,-0.503113329410553,-0.021267622709274292,5.071222945412526
7465483,0,193.33889770507812,-0.37643054127693176,-0.021226195618510246,5.069100290281807
7465484,0,193.33973693847656,-0.24979135394096375,-0.021195335313677788,5.067047408839894
7465485,0,193.34063720703125,-0.12319579720497131,-0.02117217890918255,5.065048522455776
7465486,0,193.3415985107422,0.0033560560550540686,-0.02115459367632866,5.06308685400989
7465487,0,193.3426055908203,0.12986354529857635,-0.021141013130545616,5.0611357708009015
7465488,0,193.3436737060547,0.256326287984848,-0.02113036997616291,5.059193771156849
7465489,0,193.34478759765625,0.3827437162399292,-0.021121902391314507,5.057255498394671
7465490,0,193.34593200683594,0.50911545753479,-0.021114882081747055,5.05531943534975
7465491,0,193.34710693359375,0.6354410648345947,-0.021109160035848618,5.053384965194691
7465492,0,193.3483428955078,0.7617200016975403,-0.021104391664266586,5.051448341632738
7465493,0,193.349609375,0.8879519701004028,-0.02110038697719574,5.049505295306603
7465494,0,193.35093688964844,1.0141366720199585,-0.021096838638186455,5.047569569134175
7465495,0,193.352294921875,1.140274167060852,-0.02109375037252903,5.045654694811998
7465496,0,193.3537139892578,1.2663642168045044,-0.021091079339385033,5.043729819968691
7465497,0,193.3551788330078,1.392406940460205,-0.021088752895593643,5.041814511352474
7465498,0,193.356689453125,1.519045352935791,-0.021102523431181908,5.090374455677466
7465499,0,193.3582763671875,1.6479570865631104,-0.021156540140509605,5.176476058107886
7465500,0,193.3599395751953,1.7789559364318848,-0.02122489921748638,5.258569381299224
7465501,0,193.36163330078125,1.911946177482605,-0.021295202895998955,5.337381366235663
7465502,0,193.36341857910156,2.046849489212036,-0.021361159160733223,5.413393137138326
7465503,0,193.365234375,2.183601140975952,-0.021419677883386612,5.487003902215668
7465504,0,193.36712646484375,2.3221473693847656,-0.02146984077990055,5.558564040735009
7465505,0,193.36903381347656,2.462442636489868,-0.02151203155517578,5.628371781190638
7465506,0,193.37103271484375,2.604448080062866,-0.021546896547079086,5.696681627592057
7465507,0,193.37306213378906,2.74813175201416,-0.021575279533863068,5.763712001764073
7465508,0,193.37510681152344,2.893465518951416,-0.021598052233457565,5.829643017242938
7465509,0,193.377197265625,3.040426015853882,-0.021616248413920403,5.894647866465284
7465510,0,193.37928771972656,3.188993453979492,-0.021630629897117615,5.958875267746288
7465511,0,193.38137817382812,3.3391518592834473,-0.021641692146658897,6.02241269527349
7465512,0,193.38345336914062,3.4908857345581055,-0.021650198847055435,6.085385742077913
7465513,0,193.38548278808594,3.644184112548828,-0.021656760945916176,6.147867357579138
7465514,0,193.3874969482422,3.7990353107452393,-0.021661490201950073,6.209927355205194
7465515,0,193.38951110839844,3.955430746078491,-0.02166488580405712,6.271627388631284
7465516,0,193.39149475097656,4.1133623123168945,-0.02166740410029888,6.33301668583572
7465517,0,193.39349365234375,4.272822856903076,-0.02166900597512722,6.394146969216067
7465518,0,193.39547729492188,4.433807373046875,-0.021669959649443626,6.455050794715181
7465519,0,193.3974609375,4.596311092376709,-0.021670455113053322,6.51575520253265
7465520,0,193.3994140625,4.76032829284668,-0.02167060784995556,6.576303441709711
7465521,0,193.4013671875,4.925856590270996,-0.021670570597052574,6.636704415995311
7465522,0,193.40328979492188,5.092893123626709,-0.021670188754796982,6.69699237032493
7465523,0,193.40521240234375,5.261435031890869,-0.02166980691254139,6.757176702302012
7465524,0,193.40708923339844,5.431480407714844,-0.02166927233338356,6.817274470381667
7465525,0,193.40896606445312,5.603027820587158,-0.021668815985322,6.877291596375899
7465526,0,193.4108123779297,5.776073932647705,-0.021668165922164917,6.937244231882958
7465527,0,193.41265869140625,5.950618267059326,-0.021667633205652237,6.997142800054297
7465528,0,193.41452026367188,6.126657962799072,-0.02166702225804329,7.056995460681672
7465529,0,193.4164276123047,6.304194927215576,-0.021666450425982475,7.116809493361225
7465530,0,193.41831970214844,6.483225345611572,-0.021666144952178,7.176580199446421
7465531,0,193.4202423095703,6.663749694824219,-0.021665610373020172,7.2363231523033065
7465532,0,193.4221954345703,6.845766544342041,-0.021665191277861595,7.296044367531821
7465533,0,193.42420959472656,7.029275417327881,-0.021664848551154137,7.355743217237155
7465534,0,193.42626953125,7.21427583694458,-0.02166450396180153,7.415425626670063
7465535,0,193.42835998535156,7.400767803192139,-0.021664198487997055,7.475081499027776
7465536,0,193.43052673339844,7.58875036239624,-0.021664008498191833,7.534706252429626
7465537,0,193.43276977539062,7.77822208404541,-0.021663779392838478,7.594280755646227
7465538,0,193.43507385253906,7.969180583953857,-0.021663513034582138,7.653792681711096
7465539,0,193.43743896484375,8.161624908447266,-0.021663207560777664,7.7132110536012
7465540,0,193.43988037109375,8.355552673339844,-0.02166290208697319,7.772538432415815
7465541,0,193.44239807128906,8.5509614944458,-0.02166263572871685,7.831816902907546
7465542,0,193.4449920654297,8.74785041809082,-0.021662253886461258,7.891000163943442
7465543,0,193.44769287109375,8.94621467590332,-0.021661948412656784,7.950085818227083
7465544,0,193.45050048828125,9.146053314208984,-0.021661529317498207,8.009070052477364
7465545,0,193.453369140625,9.347362518310547,-0.02166103385388851,8.067946173860987
7465546,0,193.4563446044922,9.550141334533691,-0.021660499274730682,8.126716629230181
7465547,0,193.4593963623047,9.754385948181152,-0.021660003811120987,8.185370960869804
7465548,0,193.4624786376953,9.960094451904297,-0.02165939286351204,8.24390988814203
7465549,0,193.46560668945312,10.167263984680176,-0.021658744663000107,8.302326905804367
7465550,0,193.46871948242188,10.37589168548584,-0.021658020094037056,8.360630605126724
7465551,0,193.4718475341797,10.585973739624023,-0.021657219156622887,8.418836087817587
7465552,0,193.47496032714844,10.797511100769043,-0.021656569093465805,8.476914133410038
7465553,0,193.47799682617188,11.010498046875,-0.02165573090314865,8.534880273026634
7465554,0,193.4810333251953,11.224932670593262,-0.0216550063341856,8.592725049644892
7465555,0,193.48399353027344,11.440813064575195,-0.02165420539677143,8.650449370572797
7465556,0,193.48695373535156,11.65813159942627,-0.02165328897535801,8.708048978280699
7465557,0,193.4898223876953,11.876890182495117,-0.02165256440639496,8.765534661239908
7465558,0,193.4926300048828,12.096781730651855,-0.02164413407444954,8.798775978087992
7465559,0,193.49534606933594,12.316643714904785,-0.021608619019389153,8.795392308093058
7465560,0,193.4979705810547,12.536407470703125,-0.02155959978699684,8.791888795300897
7465561,0,193.50051879882812,12.756081581115723,-0.021506309509277344,8.788362555140035
7465562,0,193.5030059814453,12.975666999816895,-0.021453741937875748,8.784826839011298
7465563,0,193.50537109375,13.195170402526855,-0.021404724568128586,8.781327789769051
7465564,0,193.5076446533203,13.414590835571289,-0.02136024460196495,8.777816847349598
7465565,0,193.50978088378906,13.633926391601562,-0.021320609375834465,8.774310878674454
7465566,0,193.51182556152344,13.853181838989258,-0.02128574252128601,8.770810383465248
7465567,0,193.51376342773438,14.07235336303711,-0.021255377680063248,8.767307133108766
7465568,0,193.51564025878906,14.2914400100708,-0.021228943020105362,8.763804052420705
7465569,0,193.51744079589844,14.510443687438965,-0.021206244826316833,8.76029437679645
7465570,0,193.51913452148438,14.729362487792969,-0.021186523139476776,8.756780997980371
7465571,0,193.52078247070312,14.948196411132812,-0.021169623360037804,8.753275430096497
7465572,0,193.5223388671875,15.166945457458496,-0.021155012771487236,8.749749812139198
7465573,0,193.52378845214844,15.385608673095703,-0.021142538636922836,8.74618660639504
7465574,0,193.52511596679688,15.604183197021484,-0.02113182097673416,8.742580942066848
7465575,0,193.52630615234375,15.82266902923584,-0.021122511476278305,8.738978681215846
7465576,0,193.52731323242188,16.041067123413086,-0.02111457847058773,8.735317138610277
7465577,0,193.5281219482422,16.259374618530273,-0.02110767364501953,8.731687621805628
7465578,0,193.52867126464844,16.47759246826172,-0.021101951599121094,8.728002954839713
7465579,0,193.52891540527344,16.69681167602539,-0.0211209487169981,8.782176234540824
7465580,0,193.52882385253906,16.917448043823242,-0.021159591153264046,8.838006079328798
7465581,0,193.52838134765625,17.139455795288086,-0.021205291152000427,8.89226032246509
7465582,0,193.5275115966797,17.362781524658203,-0.021251296624541283,8.944480645086358
7465583,0,193.5262908935547,17.587356567382812,-0.02129337191581726,8.993983325425562
7465584,0,193.524658203125,17.813114166259766,-0.021329574286937714,9.040795188085609
7465585,0,193.52267456054688,18.039976119995117,-0.021359290927648544,9.084631489134988
7465586,0,193.52032470703125,18.267866134643555,-0.021382255479693413,9.12532189967485
7465587,0,193.51771545410156,18.496707916259766,-0.021398697048425674,9.162938199195596
7465588,0,193.5148468017578,18.726428985595703,-0.021409377455711365,9.19781264153837
7465589,0,193.51174926757812,18.95697593688965,-0.021415138617157936,9.230541420837081
7465590,0,193.5084686279297,19.18829917907715,-0.02141731232404709,9.261419299693474
7465591,0,193.50502014160156,19.420352935791016,-0.02141624316573143,9.290371624518244
7465592,0,193.50146484375,19.65309715270996,-0.021412581205368042,9.31763469013585
7465593,0,193.497802734375,19.886489868164062,-0.021407241001725197,9.343328770485845
7465594,0,193.4940643310547,20.120498657226562,-0.021400298923254013,9.36774527933179
7465595,0,193.4903106689453,20.355091094970703,-0.021392401307821274,9.39081848191173
7465596,0,193.4864959716797,20.590229034423828,-0.02138366736471653,9.412275812950158
7465597,0,193.4827117919922,20.82587432861328,-0.021373825147747993,9.432135435792583
7465598,0,193.47894287109375,21.061986923217773,-0.021363524720072746,9.450448880084776
7465599,0,193.47518920898438,21.298526763916016,-0.0213526152074337,9.46723704487373
7465600,0,193.47149658203125,21.53545570373535,-0.02134113200008869,9.482470510557183
7465601,0,193.46791076660156,21.772743225097656,-0.021329155191779137,9.496192040596558
7465602,0,193.4644317626953,22.01034927368164,-0.02131698653101921,9.508549551030027
7465603,0,193.46107482910156,22.24823760986328,-0.021304473280906677,9.51945276324131
7465604,0,193.45787048339844,22.486371994018555,-0.021291809156537056,9.528746812062373
7465605,0,193.45480346679688,22.724706649780273,-0.02127883955836296,9.536358997163147
7465606,0,193.45187377929688,22.963199615478516,-0.021265525370836258,9.542346426305867
7465607,0,193.44903564453125,23.20181655883789,-0.021252021193504333,9.546795707458847
7465608,0,193.4462432861328,23.440519332885742,-0.02123844064772129,9.550029794667713
7465609,0,193.44349670410156,23.67928695678711,-0.021225089207291603,9.55223377755446
7465610,0,193.44070434570312,23.9180908203125,-0.021212156862020493,9.553653300860338
7465611,0,193.4378204345703,24.15692138671875,-0.021199645474553108,9.55443651736479
7465612,0,193.43484497070312,24.395755767822266,-0.021187935024499893,9.554425138846371
7465613,0,193.43174743652344,24.63456916809082,-0.021176643669605255,9.553519640731277
7465614,0,193.4285125732422,24.87334442138672,-0.02116565592586994,9.551593441120371
7465615,0,193.42515563964844,25.11204719543457,-0.021155012771487236,9.548554799776987
7465616,0,193.4216766357422,25.35065460205078,-0.021144522354006767,9.544449768701517
7465617,0,193.41807556152344,25.58913803100586,-0.021134261041879654,9.539526405672582
7465618,0,193.41441345214844,25.827484130859375,-0.02112419158220291,9.533991701913791
7465619,0,193.41065979003906,26.065690994262695,-0.021114731207489967,9.528236330164868
7465620,0,193.40682983398438,26.30375099182129,-0.02110614813864231,9.522478141444184
7465621,0,193.40298461914062,26.541662216186523,-0.02109840326011181,9.516430437569527
7465622,0,193.3990936279297,26.7794189453125,-0.021091308444738388,9.510243537436446
7465623,0,193.39523315429688,27.017019271850586,-0.021085090935230255,9.50399156542772
7465624,0,193.39138793945312,27.25446319580078,-0.021079406142234802,9.497695845431231
7465625,0,193.3875732421875,27.491756439208984,-0.02107463777065277,9.491460878184318
7465626,0,193.38385009765625,27.728893280029297,-0.02107040397822857,9.485252811899564
7465627,0,193.38018798828125,27.965877532958984,-0.02106674201786518,9.479103600315877
7465628,0,193.37661743164062,28.202716827392578,-0.02106376551091671,9.473103070992414
7465629,0,193.37315368652344,28.43940544128418,-0.021061401814222336,9.467233299401192
7465630,0,193.36984252929688,28.675954818725586,-0.021059341728687286,9.46149651377133
7465631,0,193.3666534423828,28.91236114501953,-0.021057814359664917,9.455722182224473
7465632,0,193.36366271972656,29.148630142211914,-0.021056557074189186,9.45017074832227
7465633,0,193.36083984375,29.384765625,-0.02105560339987278,9.444727855239016
7465634,0,193.358154296875,29.620765686035156,-0.021054916083812714,9.4393015857365
7465635,0,193.35560607910156,29.856632232666016,-0.0210543442517519,9.433829846234948
7465636,0,193.35317993164062,30.092363357543945,-0.021053962409496307,9.428284682785298
7465637,0,193.350830078125,30.327953338623047,-0.021053466945886612,9.422661986643037
7465638,0,193.34857177734375,30.563400268554688,-0.0210530087351799,9.416877805813469
7465639,0,193.34632873535156,30.798702239990234,-0.021052513271570206,9.410963385580446
7465640,0,193.34405517578125,31.033851623535156,-0.02105182595551014,9.404973108009857
7465641,0,193.34173583984375,31.26885223388672,-0.02105121500790119,9.39891480126969
7465642,0,193.33932495117188,31.503698348999023,-0.02105049043893814,9.392818215243876
7465643,0,193.33680725097656,31.738388061523438,-0.021049918606877327,9.386607280176122
7465644,0,193.3341522216797,31.97292137145996,-0.021049270406365395,9.380398308653193
7465645,0,193.33135986328125,32.207298278808594,-0.021048622205853462,9.37407993255464
7465646,0,193.32835388183594,32.441497802734375,-0.021047858521342278,9.367128001734917
7465647,0,193.3251495361328,32.67558288574219,-0.02104805037379265,9.363300597498311
7465648,0,193.32174682617188,32.90957260131836,-0.021049270406365395,9.359545891931276
7465649,0,193.31814575195312,33.143463134765625,-0.02105094864964485,9.355789077347854
7465650,0,193.3143768310547,33.37725830078125,-0.021052779629826546,9.352029130140187
7465651,0,193.31044006347656,33.610958099365234,-0.02105453424155712,9.348270090137351
7465652,0,193.30642700195312,33.84455871582031,-0.021056175231933594,9.344506247864098
7465653,0,193.30227661132812,34.07806396484375,-0.02105766162276268,9.34074492361478
7465654,0,193.29808044433594,34.31147766113281,-0.02105899713933468,9.336983753281581
7465655,0,193.2937774658203,34.544795989990234,-0.021060066297650337,9.333212782859743
7465656,0,193.2895050048828,34.77801513671875,-0.021061096340417862,9.329456447641107
7465657,0,193.28521728515625,35.01114273071289,-0.021061934530735016,9.325705800500948
7465658,0,193.2809600830078,35.24417495727539,-0.021062735468149185,9.321953597825548
7465659,0,193.2767333984375,35.477115631103516,-0.02106342278420925,9.318195155296479
7465660,0,193.27255249023438,35.7099609375,-0.021063880994915962,9.314372300458759
7465661,0,193.2684326171875,35.942710876464844,-0.021064413711428642,9.310551226813503
7465662,0,193.26446533203125,36.17537307739258,-0.021064795553684235,9.306828246676801
7465663,0,193.2606201171875,36.40794372558594,-0.021065177395939827,9.303090983470392
7465664,0,193.2569122314453,36.64042282104492,-0.0210654828697443,9.299363320303877
7465665,0,193.2533416748047,36.87281036376953,-0.021065711975097656,9.295625367198856
7465666,0,193.24989318847656,37.105106353759766,-0.021066054701805115,9.29189124747209
7465667,0,193.2465362548828,37.33687973022461,-0.021055830642580986,9.254445206358994
7465668,0,193.24327087402344,37.566917419433594,-0.02101672999560833,9.187588733956595
7465669,0,193.2400665283203,37.79545211791992,-0.02096961997449398,9.129883877884252
7465670,0,193.23695373535156,38.022705078125,-0.02092563547194004,9.08062288937702
7465671,0,193.2338104248047,38.24888229370117,-0.020889967679977417,9.039286721050896
7465672,0,193.2306365966797,38.47417449951172,-0.02086460031569004,9.005253082227576
7465673,0,193.22743225097656,38.69874572753906,-0.020849647000432014,8.977743613450412
7465674,0,193.22418212890625,38.92274856567383,-0.020844191312789917,8.956266057388703
7465675,0,193.22080993652344,39.146324157714844,-0.020846709609031677,8.940191883216901
7465676,0,193.2173614501953,39.36959457397461,-0.020856017246842384,8.92899038293132
7465677,0,193.2137908935547,39.59267044067383,-0.02087078057229519,8.922322593726015
7465678,0,193.21006774902344,39.81565475463867,-0.02088954858481884,8.919627672465849
7465679,0,193.2062530517578,40.038639068603516,-0.020911330357193947,8.920458028938649
7465680,0,193.20230102539062,40.26171112060547,-0.02093524858355522,8.924524133587921
7465681,0,193.19825744628906,40.484928131103516,-0.020960425958037376,8.931327274703916
7465682,0,193.1941375732422,40.7083625793457,-0.020985985174775124,8.940437998912119
7465683,0,193.18991088867188,40.93205642700195,-0.0210113525390625,8.951354530500359
7465684,0,193.18560791015625,41.156044006347656,-0.021035918965935707,8.963524306125073
7465685,0,193.18121337890625,41.38035583496094,-0.021059418097138405,8.976898689208369
7465686,0,193.1767578125,41.60502243041992,-0.02108173258602619,8.99168922385416
7465687,0,193.17222595214844,41.83009719848633,-0.021103058010339737,9.00843588943089
7465688,0,193.1676788330078,42.05561828613281,-0.02112354151904583,9.026657065745871
7465689,0,193.1630859375,42.28162384033203,-0.02114330232143402,9.046278951606537
7465690,0,193.1584930419922,42.50812911987305,-0.02116188034415245,9.066576132605743
7465691,0,193.15394592285156,42.735145568847656,-0.021179046481847763,9.086996632117737
7465692,0,193.14942932128906,42.962669372558594,-0.021194342523813248,9.107259833986735
7465693,0,193.14498901367188,43.19068908691406,-0.021207693964242935,9.127052417375863
7465694,0,193.14073181152344,43.419212341308594,-0.02121932990849018,9.147282131161058
7465695,0,193.1366729736328,43.64824676513672,-0.02122955210506916,9.167481544322557
7465696,0,193.13287353515625,43.87778854370117,-0.021238479763269424,9.187652881369162
7465697,0,193.1293182373047,44.107826232910156,-0.0212458036839962,9.207144463218567
