ts,agent_id,throttle,steer,brake
1141959,0,0.8999999761581421,0.002034187549725175,0.0
1141960,0,0.8999999761581421,0.0008706199005246162,0.0
1141961,0,0.8999999761581421,-0.0006058355793356895,0.0
1141962,0,0.8999999761581421,0.0006703961407765746,0.0
1141963,0,0.8999999761581421,0.000145191079354845,0.0
1141964,0,0.8999999761581421,0.00037064513890072703,0.0
1141965,0,0.8999999761581421,0.00043639232171699405,0.0
1141966,0,0.8999999761581421,0.0009089796803891659,0.0
1141967,0,0.8999999761581421,0.0015021483413875103,0.0
1141968,0,0.8999999761581421,0.0014269602252170444,0.0
1141969,0,0.8999999761581421,0.0009728361037559807,0.0
1141970,0,0.8999999761581421,0.00046755102812312543,0.0
1141971,0,0.8999999761581421,0.0005498044774867594,0.0
1141972,0,0.8999999761581421,0.0005165096372365952,0.0
1141973,0,0.8999999761581421,0.0004888382973149419,0.0
1141974,0,0.8999999761581421,0.0004937270423397422,0.0
1141975,0,0.8999999761581421,0.00057916936930269,0.0
1141976,0,0.8999999761581421,0.0004792459949385375,0.0
1141977,0,0.8999999761581421,0.0003951459366362542,0.0
1141978,0,0.8999999761581421,0.00033604292548261583,0.0
1141979,0,0.8999999761581421,0.0004958759527653456,0.0
1141980,0,0.8999999761581421,0.0005663203191943467,0.0
1141981,0,0.8999999761581421,0.0004125025006942451,0.0
1141982,0,0.8999999761581421,0.0007448148680850863,0.0
1141983,0,0.8999999761581421,0.0007370578241534531,0.0
1141984,0,0.8999999761581421,0.0007704782765358686,0.0
1141985,0,0.8999999761581421,0.0006615518941543996,0.0
1141986,0,0.8999999761581421,0.0007038928451947868,0.0
1141987,0,0.8999999761581421,0.0004652711213566363,0.0
1141988,0,0.8999999761581421,0.0005400412483140826,0.0
1141989,0,0.8999999761581421,0.0004341400635894388,0.0
1141990,0,0.8999999761581421,0.000709969608578831,0.0
1141991,0,0.8999999761581421,0.0008167704800143838,0.0
1141992,0,0.8999999761581421,0.0006059433799237013,0.0
1141993,0,0.8999999761581421,0.0007107748533599079,0.0
1141994,0,0.8999999761581421,0.0007806813227944076,0.0
1141995,0,0.8999999761581421,0.0007841329206712544,0.0
1141996,0,0.8999999761581421,0.0008173327660188079,0.0
1141997,0,0.8999999761581421,0.0008459294331260026,0.0
1141998,0,0.8999999761581421,0.0008523165597580373,0.0
1141999,0,0.8999999761581421,0.0009589841938577592,0.0
1142000,0,0.8999999761581421,0.0008455077186226845,0.0
1142001,0,0.8999999761581421,0.0008222736651077867,0.0
1142002,0,0.8999999761581421,0.0009191641584038734,0.0
1142003,0,0.8999999761581421,0.0009292714530602098,0.0
1142004,0,0.8999999761581421,0.0010795213747769594,0.0
1142005,0,0.8999999761581421,0.0010906076058745384,0.0
1142006,0,0.8999999761581421,0.0011641645105555654,0.0
1142007,0,0.8999999761581421,0.0012007856275886297,0.0
1142008,0,0.8999999761581421,0.0011212353128939867,0.0
1142009,0,0.8999999761581421,0.0010989531874656677,0.0
1142010,0,0.8999999761581421,0.0010849869577214122,0.0
1142011,0,0.8999999761581421,0.0012571148108690977,0.0
1142012,0,0.8999999761581421,0.0011907836887985468,0.0
1142013,0,0.8999999761581421,0.0011571749346330762,0.0
1142014,0,0.8999999761581421,0.0011918935924768448,0.0
1142015,0,0.8999999761581421,0.0011825476540252566,0.0
1142016,0,0.8999999761581421,0.0010593908373266459,0.0
1142017,0,0.8999999761581421,0.0011067325249314308,0.0
1142018,0,0.8999999761581421,0.00126076047308743,0.0
1142019,0,0.8999999761581421,0.0012599764158949256,0.0
1142020,0,0.8999999761581421,0.0012588949175551534,0.0
1142021,0,0.8999999761581421,0.0011813623132184148,0.0
1142022,0,0.8999999761581421,0.0012658844934776425,0.0
1142023,0,0.8999999761581421,0.0013223644345998764,0.0
1142024,0,0.8999999761581421,0.0011817550985142589,0.0
1142025,0,0.8999999761581421,0.0012847286416217685,0.0
1142026,0,0.8999999761581421,0.00126458250451833,0.0
1142027,0,0.8999999761581421,0.0012911405647173524,0.0
1142028,0,0.8999999761581421,0.0013093487359583378,0.0
1142029,0,0.8999999761581421,0.0011799834901466966,0.0
1142030,0,0.8999999761581421,0.0012074550613760948,0.0
1142031,0,0.8999999761581421,0.0012599863111972809,0.0
1142032,0,0.8999999761581421,0.0012866625329479575,0.0
1142033,0,0.8999999761581421,0.0012420343700796366,0.0
1142034,0,0.8999999761581421,0.0013384396443143487,0.0
1142035,0,0.8999999761581421,0.0013483433285728097,0.0
1142036,0,0.8999999761581421,0.001313946209847927,0.0
1142037,0,0.8999999761581421,0.0012343034613877535,0.0
1142038,0,0.8999999761581421,0.001244272687472403,0.0
1142039,0,0.8999999761581421,0.0015577285084873438,0.0
1142040,0,0.8999999761581421,0.0014664273476228118,0.0
1142041,0,0.8999999761581421,0.0014799212804064155,0.0
1142042,0,0.8999999761581421,0.0014253081753849983,0.0
1142043,0,0.8999999761581421,0.001425965572707355,0.0
1142044,0,0.8999999761581421,0.0013768835924565792,0.0
1142045,0,0.8999999761581421,0.0013569309376180172,0.0
1142046,0,0.8999999761581421,0.0014210393419489264,0.0
1142047,0,0.8999999761581421,0.0015269528375938535,0.0
1142048,0,0.8999999761581421,0.0013813830446451902,0.0
1142049,0,0.8999999761581421,0.0013288973132148385,0.0
1142050,0,0.8999999761581421,0.00147266557905823,0.0
1142051,0,0.8999999761581421,0.0013222676934674382,0.0
1142052,0,0.8999999761581421,0.001415679114870727,0.0
1142053,0,0.8999999761581421,0.0014225263148546219,0.0
1142054,0,0.8999999761581421,0.0014372369041666389,0.0
1142055,0,0.8999999761581421,0.001523369806818664,0.0
1142056,0,0.8999999761581421,0.001437605358660221,0.0
1142057,0,0.8999999761581421,0.0013361229794099927,0.0
1142058,0,0.8999999761581421,0.001282228622585535,0.0
1142059,0,0.8999999761581421,0.0013371503446251154,0.0
1142060,0,0.8999999761581421,0.001278332551009953,0.0
1142061,0,0.8999999761581421,0.0010737782577052712,0.0
1142062,0,0.8999999761581421,0.001015600748360157,0.0
1142063,0,0.8999999761581421,0.0009455656982026994,0.0
1142064,0,0.8999999761581421,0.001068798010237515,0.0
1142065,0,0.8999999761581421,0.0010489776032045484,0.0
1142066,0,0.8999999761581421,0.0007922023069113493,0.0
1142067,0,0.8999999761581421,0.001043803757056594,0.0
1142068,0,0.8999999761581421,0.0010038429172709584,0.0
1142069,0,0.8999999761581421,0.0012280110968276858,0.0
1142070,0,0.8999999761581421,0.001105397823266685,0.0
1142071,0,0.8999999761581421,0.0013814654666930437,0.0
1142072,0,0.8999999761581421,0.0013447476085275412,0.0
1142073,0,0.8999999761581421,0.0015322945546358824,0.0
1142074,0,0.8999999761581421,0.0012215764727443457,0.0
1142075,0,0.8999999761581421,0.0013731796061620116,0.0
1142076,0,0.8999999761581421,0.0014510679757222533,0.0
1142077,0,0.8999999761581421,0.0015877756522968411,0.0
1142078,0,0.8999999761581421,0.0018384905997663736,0.0
1142079,0,0.8999999761581421,0.0017782226204872131,0.0
1142080,0,0.8999999761581421,0.0012952102115377784,0.0
1142081,0,0.8999999761581421,0.0008093275828287005,0.0
1142082,0,0.8999999761581421,4.9247086280956864e-05,0.0
1142083,0,0.8999999761581421,-1.9999650248792022e-05,0.0
1142084,0,0.8999999761581421,-3.553121496224776e-05,0.0
1142085,0,0.8999999761581421,7.624198769917712e-05,0.0
1142086,0,0.8999999761581421,-0.0005173598183318973,0.0
1142087,0,0.8999999761581421,-0.00012377584062051028,0.0
1142088,0,0.8999999761581421,-3.743797788047232e-05,0.0
1142089,0,0.8999999761581421,9.463369497098029e-05,0.0
1142090,0,0.8999999761581421,-7.940095383673906e-05,0.0
1142091,0,0.8999999761581421,-0.00039571840898133814,0.0
1142092,0,0.8999999761581421,0.00017498517991043627,0.0
1142093,0,0.8999999761581421,0.0009498018189333379,0.0
1142094,0,0.8999999761581421,0.001145782764069736,0.0
1142095,0,0.8999999761581421,0.0010696431854739785,0.0
1142096,0,0.8999999761581421,0.0006634119781665504,0.0
1142097,0,0.8999999761581421,0.00019947424880228937,0.0
1142098,0,0.8999999761581421,0.0004980631056241691,0.0
1142099,0,0.8999999761581421,-0.00038225154276005924,0.0
1142100,0,0.8999999761581421,0.000577885250095278,0.0
1142101,0,0.8999999761581421,0.0009448954951949418,0.0
1142102,0,0.8999999761581421,0.0013089502463117242,0.0
1142103,0,0.8999999761581421,0.0017193706007674336,0.0
1142104,0,0.8999999761581421,0.0009492042008787394,0.0
1142105,0,0.8999999761581421,0.0007656086818315089,0.0
1142106,0,0.8999999761581421,0.0008224672055803239,0.0
1142107,0,0.8999999761581421,0.0007234223303385079,0.0
1142108,0,0.8999999761581421,0.0007702489965595305,0.0
1142109,0,0.8999999761581421,0.0012731358874589205,0.0
1142110,0,0.8999999761581421,0.0011127246543765068,0.0
1142111,0,0.8999999761581421,0.0022621601819992065,0.0
1142112,0,0.8999999761581421,0.002025972120463848,0.0
1142113,0,0.8999999761581421,0.0020632948726415634,0.0
1142114,0,0.8999999761581421,0.0017981170676648617,0.0
1142115,0,0.8999999761581421,0.0009792129276320338,0.0
1142116,0,0.8999999761581421,0.0005157917039468884,0.0
1142117,0,0.8999999761581421,-0.00038825071533210576,0.0
1142118,0,0.8999999761581421,-0.0007721941801719368,0.0
1142119,0,0.8999999761581421,-0.0015589437680318952,0.0
1142120,0,0.8999999761581421,-0.0025354644749313593,0.0
1142121,0,0.8999999761581421,-0.001553557813167572,0.0
1142122,0,0.8999999761581421,-0.0011307605309411883,0.0
1142123,0,0.8999999761581421,-0.0011624213075265288,0.0
1142124,0,0.8999999761581421,-0.002829054370522499,0.0
1142125,0,0.8999999761581421,-0.002831252757459879,0.0
1142126,0,0.8999999761581421,-0.0026382217183709145,0.0
1142127,0,0.8999999761581421,-0.0026670238003134727,0.0
1142128,0,0.8999999761581421,-0.0018575610592961311,0.0
1142129,0,0.8999999761581421,-0.0012442029546946287,0.0
1142130,0,0.8999999761581421,-0.0015699132345616817,0.0
1142131,0,0.8999999761581421,-0.001447026850655675,0.0
1142132,0,0.8999999761581421,-0.0011808215640485287,0.0
1142133,0,0.8999999761581421,-0.0007931286818347871,0.0
1142134,0,0.8999999761581421,-0.0012638894841074944,0.0
1142135,0,0.8999999761581421,-0.0013610119931399822,0.0
1142136,0,0.8999999761581421,-0.001322922296822071,0.0
1142137,0,0.8999999761581421,-0.0024582662153989077,0.0
1142138,0,0.8999999761581421,-0.0003319585812278092,0.0
1142139,0,0.8999999761581421,-0.0009014156530611217,0.0
1142140,0,0.8999999761581421,-0.0001268978085136041,0.0
1142141,0,0.8999999761581421,0.0007828677189536393,0.0
1142142,0,0.8999999761581421,0.0019026502268388867,0.0
1142143,0,0.8999999761581421,0.0019502353388816118,0.0
1142144,0,0.8999999761581421,0.0012047230266034603,0.0
1142145,0,0.8999999761581421,0.0014825736870989203,0.0
1142146,0,0.866192102432251,0.0006949490052647889,0.0
1142147,0,0.8087736368179321,0.0006364583969116211,0.0
1142148,0,0.746758759021759,0.00021174439461901784,0.0
1142149,0,0.7148446440696716,-3.538893679433386e-06,0.0
1142150,0,0.6638946533203125,-0.00027262698858976364,0.0
1142151,0,0.6045518517494202,-0.0009280021768063307,0.0
1142152,0,0.5556095242500305,-0.0008800157811492682,0.0
1142153,0,0.5202028751373291,-0.0008070807671174407,0.0
1142154,0,0.4892727732658386,-0.0010266827885061502,0.0
1142155,0,0.4477247893810272,-0.0015369675820693374,0.0
1142156,0,0.4230884611606598,-0.0015752792824059725,0.0
1142157,0,0.39251041412353516,-0.0022336028050631285,0.0
1142158,0,0.381733238697052,-0.0036516753025352955,0.0
1142159,0,0.3662944436073303,-0.0025290113408118486,0.0
1142160,0,0.3561096489429474,-0.0027792153414338827,0.0
1142161,0,0.35170304775238037,-0.0018948708893731236,0.0
1142162,0,0.3417437970638275,-0.001560045056976378,0.0
1142163,0,0.3314690887928009,-0.0026464038528501987,0.0
1142164,0,0.3274374008178711,-0.0023518020752817392,0.0
1142165,0,0.3267589509487152,-0.0021132961846888065,0.0
1142166,0,0.3138015866279602,-0.0018690897850319743,0.0
1142167,0,0.3241402804851532,-0.003339650807902217,0.0
1142168,0,0.32805633544921875,-0.003937362227588892,0.0
1142169,0,0.3264729678630829,-0.0029737092554569244,0.0
1142170,0,0.3322155177593231,-0.0026538046076893806,0.0
1142171,0,0.3357105553150177,-0.0022523230873048306,0.0
1142172,0,0.3265388607978821,-0.0008642309694550931,0.0
1142173,0,0.3290292024612427,4.3878269934793934e-05,0.0
1142174,0,0.3550356924533844,-0.0002977621043100953,0.0
1142175,0,0.3657558262348175,-0.0002792295126710087,0.0
1142176,0,0.3898865282535553,-0.001516513992100954,0.0
1142177,0,0.39311912655830383,-0.001451217452995479,0.0
1142178,0,0.4004148840904236,-0.000422430137405172,0.0
1142179,0,0.40571069717407227,0.00011265116336289793,0.0
1142180,0,0.39631107449531555,-0.0005136529798619449,0.0
1142181,0,0.40373289585113525,-0.0005533549119718373,0.0
1142182,0,0.4064374268054962,-0.0005198030266910791,0.0
1142183,0,0.41204366087913513,4.801480463356711e-05,0.0
1142184,0,0.4225602149963379,-0.0005419043591246009,0.0
1142185,0,0.4406156837940216,-0.000617469020653516,0.0
1142186,0,0.45219722390174866,-0.000736332789529115,0.0
1142187,0,0.44214633107185364,-0.0007273824303410947,0.0
1142188,0,0.4373646676540375,-0.0011323386570438743,0.0
1142189,0,0.45103585720062256,-0.00015995877038221806,0.0
1142190,0,0.4865482747554779,-0.0006363787106238306,0.0
1142191,0,0.5004379153251648,-0.0007973819156177342,0.0
1142192,0,0.5438938140869141,-0.0006421800935640931,0.0
1142193,0,0.5731821060180664,-0.00022636954963672906,0.0
1142194,0,0.5796579718589783,-0.0004907618858851492,0.0
1142195,0,0.5800600647926331,-8.907847222872078e-05,0.0
1142196,0,0.5666781663894653,-0.0005995753454044461,0.0
1142197,0,0.5822221636772156,-0.0001428719115210697,0.0
1142198,0,0.5902814865112305,0.0010266343597322702,0.0
1142199,0,0.5777266025543213,0.0005101610440760851,0.0
1142200,0,0.5478567481040955,-0.001396295614540577,0.0
1142201,0,0.5721283555030823,5.567315383814275e-05,0.0
1142202,0,0.5208995938301086,-0.0003988104872405529,0.0
1142203,0,0.43953025341033936,0.002059515565633774,0.0
1142204,0,0.373077929019928,0.00160433747805655,0.0
1142205,0,0.14747031033039093,0.001704125083051622,0.0
1142206,0,0.30648308992385864,0.003377922810614109,0.0
1142207,0,0.449122816324234,0.0027175401337444782,0.0
1142208,0,0.4376036822795868,0.0021681084763258696,0.0
1142209,0,0.4697510004043579,0.0018150729592889547,0.0
1142210,0,0.4612046182155609,0.001653775223530829,0.0
1142211,0,0.43806347250938416,0.0014163223095238209,0.0
1142212,0,0.493233323097229,0.0011401820229366422,0.0
1142213,0,0.4770752489566803,0.0007082621450535953,0.0
1142214,0,0.5185779929161072,0.0011614850955083966,0.0
1142215,0,0.48411089181900024,0.001291837776079774,0.0
1142216,0,0.5195401310920715,0.0008969504269771278,0.0
1142217,0,0.4603390395641327,0.00021929318609181792,0.0
1142218,0,0.43493372201919556,-7.465254748240113e-05,0.0
1142219,0,0.4153064787387848,0.0001735366095090285,0.0
1142220,0,0.42687538266181946,0.0011163773015141487,0.0
1142221,0,0.41521817445755005,0.0014321028720587492,0.0
1142222,0,0.33626097440719604,0.0008137017721310258,0.0
1142223,0,0.3478921055793762,0.0009847055189311504,0.0
1142224,0,0.23310361802577972,0.000519287888891995,0.0
1142225,0,0.20520329475402832,0.0012625888921320438,0.0
1142226,0,0.14797529578208923,0.002318574581295252,0.0
1142227,0,0.14964358508586884,0.0009935321286320686,0.0
1142228,0,0.14531469345092773,0.001259243581444025,0.0
1142229,0,0.0,0.0015620969934388995,1.0
1142230,0,0.0,0.0030975646805018187,1.0
1142231,0,0.0,0.003960560541599989,1.0
1142232,0,0.0,0.0041332547552883625,1.0
1142233,0,0.0,0.0031213907059282064,1.0
1142234,0,0.0,0.0035016885958611965,1.0
1142235,0,0.0,0.002884350484237075,1.0
1142236,0,0.0,0.003402364905923605,1.0
1142237,0,0.0,0.00532703660428524,1.0
1142238,0,0.0,0.0058309538289904594,1.0
1142239,0,0.0,-0.0038925702683627605,1.0
1142240,0,0.0,-0.01113747339695692,1.0
1142241,0,0.0,0.000863727240357548,1.0
1142242,0,0.0,0.006155871786177158,1.0
1142243,0,0.0,0.008115430362522602,1.0
1142244,0,0.0,0.008112228475511074,1.0
1142245,0,0.0,0.010989665053784847,1.0
1142246,0,0.0,0.010272488929331303,1.0
1142247,0,0.0,0.013070966117084026,1.0
1142248,0,0.0,0.011275853961706161,1.0
1142249,0,0.0,0.010281311348080635,1.0
1142250,0,0.0,0.015231285244226456,1.0
1142251,0,0.0,0.017719335854053497,1.0
1142252,0,0.0,0.01812463253736496,1.0
1142253,0,0.0,0.01876467652618885,1.0
1142254,0,0.0,0.020422499626874924,1.0
1142255,0,0.0,0.016212373971939087,1.0
1142256,0,0.0,0.008998719975352287,1.0
1142257,0,0.0,0.006349628325551748,1.0
1142258,0,0.0,0.004279745277017355,1.0
1142259,0,0.0,0.00397134805098176,1.0
1142260,0,0.0,0.0038274829275906086,1.0
1142261,0,0.0,0.0036479313857853413,1.0
1142262,0,0.0,0.0036909531336277723,1.0
1142263,0,0.0,0.0036162366159260273,1.0
1142264,0,0.0,0.0035974306520074606,1.0
1142265,0,0.0,0.0035530729219317436,1.0
1142266,0,0.0,0.003463456640020013,1.0
1142267,0,0.0,0.0034368601627647877,1.0
1142268,0,0.0,0.003339771879836917,1.0
1142269,0,0.0,0.0033458436373621225,1.0
1142270,0,0.0,0.003243841929361224,1.0
1142271,0,0.0,0.003193190321326256,1.0
1142272,0,0.0,0.0031616773921996355,1.0
1142273,0,0.0,0.0032526939176023006,1.0
1142274,0,0.0,0.003218652680516243,1.0
1142275,0,0.0,0.0032131329644471407,1.0
1142276,0,0.0,0.0032505125273019075,1.0
1142277,0,0.0,0.0032021491788327694,1.0
1142278,0,0.0,0.003163901623338461,1.0
1142279,0,0.0,0.0031728746835142374,1.0
1142280,0,0.0,0.00330661260522902,1.0
1142281,0,0.0,0.003367132507264614,1.0
1142282,0,0.0,0.003308091079816222,1.0
1142283,0,0.0,0.0032167616300284863,1.0
1142284,0,0.0,0.0031172684393823147,1.0
1142285,0,0.0,0.0030382773838937283,1.0
1142286,0,0.0,0.002890799194574356,1.0
1142287,0,0.0,0.0027726939879357815,1.0
1142288,0,0.0,0.0026251988019794226,1.0
1142289,0,0.0,0.0025237633381038904,1.0
1142290,0,0.0,0.0024001854471862316,1.0
1142291,0,0.0,0.0021781388204544783,1.0
1142292,0,0.0,0.002006846247240901,1.0
1142293,0,0.0,0.0017847811104729772,1.0
1142294,0,0.0,0.0015694608446210623,1.0
1142295,0,0.0,0.00140104116871953,1.0
1142296,0,0.0,0.0013074632734060287,1.0
1142297,0,0.0,0.0012536499416455626,1.0
1142298,0,0.0,0.0012021716684103012,1.0
1142299,0,0.0,0.0011994879459962249,1.0
1142300,0,0.0,0.0011660285526886582,1.0
1142301,0,0.0,0.0011770720593631268,1.0
1142302,0,0.0,0.00117456482257694,1.0
1142303,0,0.0,0.0011317936005070806,1.0
1142304,0,0.0,0.001118000946007669,1.0
1142305,0,0.0,0.00110760482493788,1.0
1142306,0,0.0,0.001115015591494739,1.0
1142307,0,0.0,0.001157929073087871,1.0
1142308,0,0.0,0.001198622747324407,1.0
1142309,0,0.0,0.0012557744048535824,1.0
1142310,0,0.0,0.0012724314583465457,1.0
1142311,0,0.0,0.001330545055679977,1.0
1142312,0,0.0,0.001400599954649806,1.0
1142313,0,0.0,0.0014840165385976434,1.0
1142314,0,0.0,0.0015275960322469473,1.0
1142315,0,0.0,0.001537131262011826,1.0
1142316,0,0.0,0.0015392214991152287,1.0
1142317,0,0.0,0.0015770707977935672,1.0
1142318,0,0.0,0.0016076770843937993,1.0
1142319,0,0.0,0.0016741120489314198,1.0
1142320,0,0.0,0.0017073324415832758,1.0
1142321,0,0.0,0.0017997035756707191,1.0
1142322,0,0.0,0.0018535383278504014,1.0
1142323,0,0.0,0.0020497667137533426,1.0
1142324,0,0.0,0.0019988478161394596,1.0
1142325,0,0.0,0.0023190926294773817,1.0
1142326,0,0.0,0.00418056221678853,1.0
1142327,0,0.0,0.00892715249210596,1.0
1142328,0,0.0,0.013072635047137737,1.0
1142329,0,0.0,0.01881788671016693,1.0
1142330,0,0.0,0.017047669738531113,1.0
1142331,0,0.0,0.01855025812983513,1.0
1142332,0,0.0,0.019717900082468987,1.0
1142333,0,0.0,0.02020709589123726,1.0
1142334,0,0.0,0.01935470663011074,1.0
1142335,0,0.0,0.020569510757923126,1.0
1142336,0,0.0,0.021086499094963074,1.0
1142337,0,0.0,0.02033703401684761,1.0
1142338,0,0.0,0.01724841445684433,1.0
1142339,0,0.0,0.013094580732285976,1.0
1142340,0,0.0,0.002989055821672082,1.0
1142341,0,0.0,-0.002658648183569312,1.0
1142342,0,0.0,-0.006664421875029802,1.0
1142343,0,0.0,-0.00916788075119257,1.0
1142344,0,0.0,-0.007651741616427898,1.0
1142345,0,0.25326007604599,-0.00852756667882204,0.0
1142346,0,0.2939915359020233,-0.0071327295154333115,0.0
1142347,0,0.3069421052932739,-0.0070421285927295685,0.0
1142348,0,0.4749838411808014,-0.0074980538338422775,0.0
1142349,0,0.5938948392868042,-0.010073496028780937,0.0
1142350,0,0.6019092798233032,-0.010904167778789997,0.0
1142351,0,0.8680170774459839,-0.007868907414376736,0.0
1142352,0,0.8270931243896484,-0.009798549115657806,0.0
1142353,0,0.788699209690094,-0.01194450631737709,0.0
1142354,0,0.8999999761581421,-0.014238949865102768,0.0
1142355,0,0.8999999761581421,-0.014677630737423897,0.0
1142356,0,0.8999999761581421,-0.015787506476044655,0.0
1142357,0,0.8999999761581421,-0.014713798649609089,0.0
1142358,0,0.8999999761581421,-0.014399603940546513,0.0
1142359,0,0.8999999761581421,-0.012693568132817745,0.0
1142360,0,0.8999999761581421,-0.013013896532356739,0.0
1142361,0,0.8999999761581421,-0.011094075627624989,0.0
1142362,0,0.8999999761581421,-0.01080268807709217,0.0
1142363,0,0.8999999761581421,-0.009255765937268734,0.0
1142364,0,0.8999999761581421,-0.008904604241251945,0.0
1142365,0,0.8999999761581421,-0.009879274293780327,0.0
1142366,0,0.8999999761581421,-0.008702021092176437,0.0
1142367,0,0.8999999761581421,-0.008210171945393085,0.0
1142368,0,0.8999999761581421,-0.008195880800485611,0.0
1142369,0,0.8999999761581421,-0.008289399556815624,0.0
1142370,0,0.8999999761581421,-0.007340224925428629,0.0
1142371,0,0.8999999761581421,-0.007353233639150858,0.0
1142372,0,0.8999999761581421,-0.008477399125695229,0.0
1142373,0,0.8999999761581421,-0.007517578080296516,0.0
1142374,0,0.8999999761581421,-0.008510652929544449,0.0
1142375,0,0.8999999761581421,-0.008694220334291458,0.0
1142376,0,0.8999999761581421,-0.00939530786126852,0.0
1142377,0,0.8999999761581421,-0.009679073467850685,0.0
1142378,0,0.8999999761581421,-0.010223809629678726,0.0
1142379,0,0.8999999761581421,-0.010025113821029663,0.0
1142380,0,0.8999999761581421,-0.010100794956088066,0.0
1142381,0,0.8999999761581421,-0.010791301727294922,0.0
1142382,0,0.8999999761581421,-0.010766284540295601,0.0
1142383,0,0.8999999761581421,-0.011472155340015888,0.0
1142384,0,0.8999999761581421,-0.010897724889218807,0.0
1142385,0,0.8999999761581421,-0.011668355204164982,0.0
1142386,0,0.8999999761581421,-0.01201137900352478,0.0
1142387,0,0.8999999761581421,-0.013284328393638134,0.0
1142388,0,0.8999999761581421,-0.01224357821047306,0.0
1142389,0,0.8999999761581421,-0.011802534572780132,0.0
1142390,0,0.8999999761581421,-0.012445797212421894,0.0
1142391,0,0.8999999761581421,-0.01235185656696558,0.0
1142392,0,0.8999999761581421,-0.011923528276383877,0.0
1142393,0,0.8999999761581421,-0.011146608740091324,0.0
1142394,0,0.8999999761581421,-0.01093838270753622,0.0
1142395,0,0.8999999761581421,-0.00978504866361618,0.0
1142396,0,0.8999999761581421,-0.00965803675353527,0.0
1142397,0,0.8999999761581421,-0.008911442942917347,0.0
1142398,0,0.8999999761581421,-0.00891205109655857,0.0
1142399,0,0.8999999761581421,-0.009096474386751652,0.0
1142400,0,0.8999999761581421,-0.009971315972507,0.0
1142401,0,0.8999999761581421,-0.00967659242451191,0.0
1142402,0,0.8999999761581421,-0.009535608813166618,0.0
1142403,0,0.8999999761581421,-0.009819530881941319,0.0
1142404,0,0.8999999761581421,-0.011101772077381611,0.0
1142405,0,0.8999999761581421,-0.011293945834040642,0.0
1142406,0,0.8999999761581421,-0.011458170600235462,0.0
1142407,0,0.8999999761581421,-0.011877610348165035,0.0
1142408,0,0.8999999761581421,-0.012376315891742706,0.0
1142409,0,0.8999999761581421,-0.009578395634889603,0.0
1142410,0,0.8999999761581421,-0.009818005375564098,0.0
1142411,0,0.8999999761581421,-0.008981418795883656,0.0
1142412,0,0.8999999761581421,-0.009232944808900356,0.0
1142413,0,0.8999999761581421,-0.008338168263435364,0.0
1142414,0,0.8999999761581421,-0.008128575049340725,0.0
1142415,0,0.8999999761581421,-0.008980278857052326,0.0
1142416,0,0.8999999761581421,-0.008486194536089897,0.0
1142417,0,0.8999999761581421,-0.008632365614175797,0.0
1142418,0,0.8999999761581421,-0.008600486442446709,0.0
1142419,0,0.8999999761581421,-0.009385598823428154,0.0
1142420,0,0.8999999761581421,-0.009724806062877178,0.0
1142421,0,0.8999999761581421,-0.010510611347854137,0.0
1142422,0,0.8999999761581421,-0.009074886329472065,0.0
1142423,0,0.8999999761581421,-0.008521245792508125,0.0
1142424,0,0.8999999761581421,-0.007709480822086334,0.0
1142425,0,0.8999999761581421,-0.0057256934233009815,0.0
1142426,0,0.8999999761581421,-0.0053619020618498325,0.0
1142427,0,0.8999999761581421,-0.004920036997646093,0.0
1142428,0,0.8999999761581421,-0.0023874868638813496,0.0
1142429,0,0.8999999761581421,-0.0019873047713190317,0.0
1142430,0,0.8999999761581421,-0.001925423159264028,0.0
1142431,0,0.8999999761581421,-0.002158144721761346,0.0
1142432,0,0.8999999761581421,-0.0012306307908147573,0.0
1142433,0,0.8999999761581421,-0.0002466182049829513,0.0
1142434,0,0.8999999761581421,-0.0013235440710559487,0.0
1142435,0,0.8999999761581421,-0.0017295504221692681,0.0
1142436,0,0.8999999761581421,-0.0016551896696910262,0.0
1142437,0,0.8999999761581421,-0.0016759192803874612,0.0
1142438,0,0.8999999761581421,-0.0016656981315463781,0.0
1142439,0,0.8999999761581421,-0.00142385542858392,0.0
1142440,0,0.8999999761581421,-0.0010305432369932532,0.0
1142441,0,0.8999999761581421,-0.001110011013224721,0.0
1142442,0,0.8999999761581421,-0.001241782447323203,0.0
1142443,0,0.8999999761581421,-0.001574311638250947,0.0
1142444,0,0.8999999761581421,-0.0021735213231295347,0.0
1142445,0,0.8999999761581421,-0.001518894569016993,0.0
1142446,0,0.8999999761581421,-0.0016666287556290627,0.0
1142447,0,0.8999999761581421,0.0003960655885748565,0.0
1142448,0,0.8999999761581421,0.0005278213648125529,0.0
1142449,0,0.8999999761581421,0.00022981879010330886,0.0
1142450,0,0.8999999761581421,-3.105032737948932e-05,0.0
1142451,0,0.8999999761581421,-0.00031193188624456525,0.0
1142452,0,0.8999999761581421,-0.0005807368434034288,0.0
1142453,0,0.8999999761581421,-0.00038756628055125475,0.0
1142454,0,0.8999999761581421,-0.0009118629968725145,0.0
1142455,0,0.8999999761581421,-0.0011094603687524796,0.0
1142456,0,0.8999999761581421,-0.0019900568295270205,0.0
1142457,0,0.8999999761581421,-0.0010225761216133833,0.0
1142458,0,0.8999999761581421,-0.0008864532574079931,0.0
1142459,0,0.8999999761581421,-0.001008127350360155,0.0
1142460,0,0.8999999761581421,-0.000421351520344615,0.0
1142461,0,0.8999999761581421,-0.0007113684550859034,0.0
1142462,0,0.8999999761581421,-0.0007256549433805048,0.0
1142463,0,0.8999999761581421,-0.0005185536574572325,0.0
1142464,0,0.8999999761581421,-0.0008512863423675299,0.0
1142465,0,0.8999999761581421,-0.00023890579177532345,0.0
1142466,0,0.8999999761581421,0.00023133850481826812,0.0
1142467,0,0.8999999761581421,0.001542250975035131,0.0
1142468,0,0.8999999761581421,0.00028646382270380855,0.0
1142469,0,0.8999999761581421,0.0009585715015418828,0.0
1142470,0,0.8999999761581421,0.0018273815512657166,0.0
1142471,0,0.8999999761581421,0.001608715858310461,0.0
1142472,0,0.8999999761581421,0.0025528287515044212,0.0
1142473,0,0.8999999761581421,0.0020303535275161266,0.0
1142474,0,0.8999999761581421,0.0027906615287065506,0.0
1142475,0,0.8999999761581421,0.0023328184615820646,0.0
1142476,0,0.8999999761581421,0.0011313467985019088,0.0
1142477,0,0.8999999761581421,0.00051836296916008,0.0
1142478,0,0.8999999761581421,0.0014944183640182018,0.0
1142479,0,0.8999999761581421,0.0018373692873865366,0.0
1142480,0,0.8999999761581421,0.0023421060759574175,0.0
1142481,0,0.8999999761581421,0.00322387064807117,0.0
1142482,0,0.8999999761581421,0.0029145414009690285,0.0
1142483,0,0.8999999761581421,0.0017550825141370296,0.0
1142484,0,0.8999999761581421,0.002399976132437587,0.0
1142485,0,0.8999999761581421,0.002387317596003413,0.0
1142486,0,0.8999999761581421,0.001829201471991837,0.0
1142487,0,0.8999999761581421,0.0017621859442442656,0.0
1142488,0,0.8999999761581421,0.0016089350683614612,0.0
1142489,0,0.8999999761581421,0.0009947686921805143,0.0
1142490,0,0.8999999761581421,0.0009487730567343533,0.0
1142491,0,0.8111831545829773,-0.00017189593927469105,0.0
1142492,0,0.7338545918464661,-0.00027830316685140133,0.0
1142493,0,0.7268010973930359,0.00032151408959180117,0.0
1142494,0,0.6280406713485718,-0.0004919173661619425,0.0
1142495,0,0.5248619318008423,-0.0005160961882211268,0.0
1142496,0,0.4956214725971222,-0.0007508128182962537,0.0
1142497,0,0.4710932970046997,-0.0018084946786984801,0.0
1142498,0,0.4458770751953125,-0.002482988638803363,0.0
1142499,0,0.4223394989967346,-0.0030869138427078724,0.0
1142500,0,0.42617183923721313,-0.004489194601774216,0.0
1142501,0,0.5300076007843018,-0.0032521847169846296,0.0
1142502,0,0.5634854435920715,-0.003801125567406416,0.0
1142503,0,0.5469154715538025,-0.003560122335329652,0.0
1142504,0,0.4138658344745636,-0.0057454099878668785,0.0
1142505,0,0.35751211643218994,-0.004252295009791851,0.0
1142506,0,0.28121235966682434,-0.003761937376111746,0.0
1142507,0,0.2703096568584442,-0.002392168389633298,0.0
1142508,0,0.25233471393585205,-0.001127520459704101,0.0
1142509,0,0.2348092943429947,0.0008436237112618983,0.0
1142510,0,0.0,-0.0018793265335261822,1.0
1142511,0,0.0,-0.0007050576386973262,1.0
1142512,0,0.0,2.4516108169336803e-05,1.0
1142513,0,0.0,0.0006450160290114582,1.0
1142514,0,0.0,0.00332160503603518,1.0
1142515,0,0.0,0.0007613839698024094,1.0
1142516,0,0.0,0.0007350179948844016,1.0
1142517,0,0.0,-0.001342493575066328,1.0
1142518,0,0.0,0.00260917074047029,1.0
1142519,0,0.0,0.005629465915262699,1.0
1142520,0,0.0,0.009619614109396935,1.0
1142521,0,0.0,0.008966214023530483,1.0
1142522,0,0.0,0.007193098310381174,1.0
1142523,0,0.0,0.00445473613217473,1.0
1142524,0,0.0,0.0023487042635679245,1.0
1142525,0,0.04046621918678284,0.0028059640899300575,0.0
1142526,0,0.03535274416208267,0.004273898433893919,0.0
1142527,0,0.1973816603422165,0.0013284134911373258,0.0
1142528,0,0.1543760597705841,0.001146832830272615,0.0
1142529,0,0.022175146266818047,-0.0010471505811437964,0.0
1142530,0,0.30977490544319153,-0.0028951948042958975,0.0
1142531,0,0.22812899947166443,-0.004679895006120205,0.0
1142532,0,0.3393811881542206,-0.008009545505046844,0.0
1142533,0,0.17131376266479492,-0.008558141998946667,0.0
1142534,0,0.0,-0.012045653536915779,1.0
1142535,0,0.024182705208659172,-0.009854275733232498,0.0
1142536,0,0.0,-0.007017177063971758,1.0
1142537,0,0.0,-0.0061972783878445625,1.0
1142538,0,0.0,-0.00841896329075098,1.0
1142539,0,0.0,-0.012269444763660431,1.0
1142540,0,0.0,-0.009490546770393848,1.0
1142541,0,0.0,-0.01815391518175602,1.0
1142542,0,0.0,-0.02522779256105423,1.0
1142543,0,0.0,-0.018506767228245735,1.0
1142544,0,0.0,-0.013010269962251186,1.0
1142545,0,0.0,-0.009941896423697472,1.0
1142546,0,0.0,-0.008892721496522427,1.0
1142547,0,0.0,-0.008814781904220581,1.0
1142548,0,0.0,-0.007503126282244921,1.0
1142549,0,0.0,-0.0035675899125635624,1.0
1142550,0,0.0,-0.005865093320608139,1.0
1142551,0,0.0,-0.0004041551146656275,1.0
1142552,0,0.0,-0.0013689349871128798,1.0
1142553,0,0.0,4.740435542771593e-05,1.0
1142554,0,0.0,0.0025825428310781717,1.0
1142555,0,0.0,0.0008999087149277329,1.0
1142556,0,0.0,-0.002352137817069888,1.0
1142557,0,0.0,1.3296099496074021e-05,1.0
1142558,0,0.0,-0.0006092585390433669,1.0
1142559,0,0.16434168815612793,-0.00026130879996344447,0.0
1142560,0,0.30138036608695984,0.0012225155951455235,0.0
1142561,0,0.4897625148296356,0.0005355423199944198,0.0
1142562,0,0.6109798550605774,0.001357736298814416,0.0
1142563,0,0.8999999761581421,0.002702916506677866,0.0
1142564,0,0.8999999761581421,0.004984486848115921,0.0
1142565,0,0.8999999761581421,0.006910191848874092,0.0
1142566,0,0.8999999761581421,0.007430861704051495,0.0
1142567,0,0.8999999761581421,0.006667796988040209,0.0
1142568,0,0.8999999761581421,0.007207992486655712,0.0
1142569,0,0.8999999761581421,0.007116968743503094,0.0
1142570,0,0.8999999761581421,0.007857557386159897,0.0
1142571,0,0.8999999761581421,0.0094408905133605,0.0
1142572,0,0.8999999761581421,0.010192100889980793,0.0
1142573,0,0.8999999761581421,0.010468585416674614,0.0
1142574,0,0.8999999761581421,0.010692605748772621,0.0
1142575,0,0.8999999761581421,0.009336277842521667,0.0
1142576,0,0.8999999761581421,0.009163313545286655,0.0
1142577,0,0.8999999761581421,0.008479769341647625,0.0
1142578,0,0.8999999761581421,0.008553675375878811,0.0
1142579,0,0.8999999761581421,0.008805339224636555,0.0
1142580,0,0.8999999761581421,0.009757323190569878,0.0
1142581,0,0.8999999761581421,0.008986280299723148,0.0
1142582,0,0.8999999761581421,0.009722328744828701,0.0
1142583,0,0.8999999761581421,0.009620280005037785,0.0
1142584,0,0.8999999761581421,0.008865204639732838,0.0
1142585,0,0.8999999761581421,0.00880549568682909,0.0
1142586,0,0.8999999761581421,0.009269543923437595,0.0
1142587,0,0.8999999761581421,0.009156289510428905,0.0
1142588,0,0.8999999761581421,0.009329655207693577,0.0
1142589,0,0.8999999761581421,0.010968364775180817,0.0
1142590,0,0.8999999761581421,0.011982200667262077,0.0
1142591,0,0.8999999761581421,0.010851538740098476,0.0
1142592,0,0.8999999761581421,0.010695020668208599,0.0
1142593,0,0.8999999761581421,0.011123072355985641,0.0
1142594,0,0.8999999761581421,0.009821037761867046,0.0
1142595,0,0.8999999761581421,0.008793770335614681,0.0
1142596,0,0.8999999761581421,0.00853387638926506,0.0
1142597,0,0.8999999761581421,0.007707454264163971,0.0
1142598,0,0.8999999761581421,0.008184823207557201,0.0
1142599,0,0.8999999761581421,0.008864196948707104,0.0
1142600,0,0.8999999761581421,0.009791900403797626,0.0
1142601,0,0.8999999761581421,0.010215128771960735,0.0
1142602,0,0.8999999761581421,0.010439228266477585,0.0
1142603,0,0.8999999761581421,0.010677165351808071,0.0
1142604,0,0.8999999761581421,0.010792646557092667,0.0
1142605,0,0.8999999761581421,0.010474092327058315,0.0
1142606,0,0.8999999761581421,0.009482644498348236,0.0
1142607,0,0.8999999761581421,0.008989213034510612,0.0
1142608,0,0.8999999761581421,0.008776667527854443,0.0
1142609,0,0.8999999761581421,0.008689960464835167,0.0
1142610,0,0.8999999761581421,0.007654994260519743,0.0
1142611,0,0.8999999761581421,0.007961236871778965,0.0
1142612,0,0.8999999761581421,0.007187119219452143,0.0
1142613,0,0.8999999761581421,0.007041974924504757,0.0
1142614,0,0.8999999761581421,0.00584207009524107,0.0
1142615,0,0.8999999761581421,0.006668098736554384,0.0
1142616,0,0.8999999761581421,0.005379454232752323,0.0
1142617,0,0.8999999761581421,0.005215116776525974,0.0
1142618,0,0.8999999761581421,0.00465563777834177,0.0
1142619,0,0.8999999761581421,0.00309086125344038,0.0
1142620,0,0.8999999761581421,0.0038210838101804256,0.0
1142621,0,0.8999999761581421,0.0031817953567951918,0.0
1142622,0,0.8999999761581421,0.002654662588611245,0.0
1142623,0,0.8999999761581421,0.001450073323212564,0.0
1142624,0,0.8999999761581421,0.0007126377313397825,0.0
1142625,0,0.8999999761581421,0.0006398464320227504,0.0
1142626,0,0.8999999761581421,-0.0001702282315818593,0.0
1142627,0,0.8999999761581421,-0.0007581595564261079,0.0
1142628,0,0.8999999761581421,-0.001140308566391468,0.0
1142629,0,0.8999999761581421,-0.0015151152620092034,0.0
1142630,0,0.8999999761581421,-0.0013637668453156948,0.0
1142631,0,0.8999999761581421,-0.001278692507185042,0.0
1142632,0,0.8999999761581421,-0.001476362464018166,0.0
1142633,0,0.8999999761581421,-0.002055421704426408,0.0
1142634,0,0.8999999761581421,-0.002104560611769557,0.0
1142635,0,0.8999999761581421,-0.001974216429516673,0.0
1142636,0,0.8999999761581421,-0.00242884224280715,0.0
1142637,0,0.8999999761581421,-0.002435201546177268,0.0
1142638,0,0.8999999761581421,-0.002415581839159131,0.0
1142639,0,0.8999999761581421,-0.0023492022883147,0.0
1142640,0,0.8999999761581421,-0.0011580813443288207,0.0
1142641,0,0.8999999761581421,-0.0009553271811455488,0.0
1142642,0,0.8999999761581421,-0.002195219974964857,0.0
1142643,0,0.8999999761581421,-0.0022399919107556343,0.0
1142644,0,0.8999999761581421,-0.0019680564291775227,0.0
1142645,0,0.8999999761581421,-0.0014127905014902353,0.0
1142646,0,0.8999999761581421,-0.0026083809789270163,0.0
1142647,0,0.8999999761581421,-0.003669107798486948,0.0
1142648,0,0.8999999761581421,-0.00361060444265604,0.0
1142649,0,0.8999999761581421,-0.0038522907998412848,0.0
1142650,0,0.8999999761581421,-0.004495509434491396,0.0
1142651,0,0.8999999761581421,-0.007049312815070152,0.0
1142652,0,0.8999999761581421,-0.0071270279586315155,0.0
1142653,0,0.8999999761581421,-0.006269356701523066,0.0
1142654,0,0.8999999761581421,-0.00551309110596776,0.0
1142655,0,0.8999999761581421,-0.0031263853888958693,0.0
1142656,0,0.8999999761581421,-0.0036162622272968292,0.0
1142657,0,0.8999999761581421,-0.0016681612469255924,0.0
1142658,0,0.8999999761581421,-0.0010440299520269036,0.0
1142659,0,0.8999999761581421,-0.0015240015927702188,0.0
1142660,0,0.8999999761581421,-0.002948606852442026,0.0
1142661,0,0.8999999761581421,-0.0019908493850380182,0.0
1142662,0,0.8999999761581421,-0.0022713623475283384,0.0
1142663,0,0.8999999761581421,-0.0023653614334762096,0.0
1142664,0,0.8999999761581421,-0.0009189806296490133,0.0
1142665,0,0.8999999761581421,-0.0013819492887705564,0.0
1142666,0,0.8999999761581421,-0.00191558210644871,0.0
1142667,0,0.8999999761581421,-0.0016757569974288344,0.0
1142668,0,0.8999999761581421,0.0001985635608434677,0.0
1142669,0,0.8999999761581421,1.4935345461708494e-05,0.0
1142670,0,0.8999999761581421,0.0008789457497186959,0.0
1142671,0,0.8999999761581421,-0.000950207409914583,0.0
1142672,0,0.8999999761581421,0.0010052003199234605,0.0
1142673,0,0.8999999761581421,-0.00035232678055763245,0.0
1142674,0,0.8999999761581421,-0.0002983725571539253,0.0
1142675,0,0.8999999761581421,-0.00010144254338229075,0.0
1142676,0,0.8999999761581421,-0.00018233047740068287,0.0
1142677,0,0.8999999761581421,-7.922307850094512e-05,0.0
1142678,0,0.8999999761581421,-0.0002716793096624315,0.0
1142679,0,0.8999999761581421,-3.1477211450692266e-05,0.0
1142680,0,0.8999999761581421,-0.0018966852221637964,0.0
1142681,0,0.8999999761581421,-0.0007059299387037754,0.0
1142682,0,0.8999999761581421,-0.0008553488878533244,0.0
1142683,0,0.8999999761581421,0.0009301721584051847,0.0
1142684,0,0.8999999761581421,0.0025476706214249134,0.0
1142685,0,0.8999999761581421,0.0023657428100705147,0.0
1142686,0,0.8999999761581421,0.0022324458695948124,0.0
1142687,0,0.8999999761581421,0.0021688141860067844,0.0
1142688,0,0.8999999761581421,0.0008384370012208819,0.0
1142689,0,0.8999999761581421,-0.000123899633763358,0.0
1142690,0,0.8999999761581421,-0.00043267683940939605,0.0
1142691,0,0.8999999761581421,0.0010642317356541753,0.0
1142692,0,0.8999999761581421,0.0014748868998140097,0.0
1142693,0,0.8999999761581421,0.001398651977069676,0.0
1142694,0,0.8999999761581421,0.001892892993055284,0.0
1142695,0,0.8999999761581421,0.0021560871973633766,0.0
1142696,0,0.8999999761581421,0.0009202954242937267,0.0
1142697,0,0.8999999761581421,0.001204197877086699,0.0
1142698,0,0.8999999761581421,0.0021178624592721462,0.0
1142699,0,0.8999999761581421,0.0017050442984327674,0.0
1142700,0,0.8999999761581421,0.001900464529171586,0.0
1142701,0,0.8999999761581421,0.0014173126546666026,0.0
1142702,0,0.8999999761581421,0.0026408073026686907,0.0
1142703,0,0.8999999761581421,0.0029850415885448456,0.0
1142704,0,0.8999999761581421,0.0034093272406607866,0.0
1142705,0,0.8999999761581421,0.0035697869025170803,0.0
1142706,0,0.8498387336730957,0.003778002457693219,0.0
1142707,0,0.7784010171890259,0.0026767526287585497,0.0
1142708,0,0.7305505275726318,0.0017917549703270197,0.0
1142709,0,0.7042267322540283,0.0017501349793747067,0.0
1142710,0,0.6681766510009766,0.0015638201730325818,0.0
1142711,0,0.6702833771705627,0.0015223154332488775,0.0
1142712,0,0.607276201248169,0.0013806658098474145,0.0
1142713,0,0.5856051445007324,0.0012624736409634352,0.0
1142714,0,0.5403100848197937,0.001884594326838851,0.0
1142715,0,0.5088261365890503,0.0006950855604372919,0.0
1142716,0,0.49468690156936646,2.9421038561849855e-05,0.0
1142717,0,0.47581496834754944,-0.0007324239704757929,0.0
1142718,0,0.46574005484580994,-0.0015392514178529382,0.0
1142719,0,0.43507352471351624,-0.0013836127473041415,0.0
1142720,0,0.4391407370567322,-0.001231081783771515,0.0
1142721,0,0.4226955771446228,-0.004822398070245981,0.0
1142722,0,0.4263526201248169,-0.005503833293914795,0.0
1142723,0,0.4064508080482483,-0.006739037577062845,0.0
1142724,0,0.3720524311065674,-0.004057849757373333,0.0
1142725,0,0.36681419610977173,-0.003710908582434058,0.0
1142726,0,0.373268187046051,-0.004107547923922539,0.0
1142727,0,0.3804709017276764,-0.0057044969871640205,0.0
1142728,0,0.3762766718864441,-0.0066985017620027065,0.0
1142729,0,0.35002031922340393,-0.006577356718480587,0.0
1142730,0,0.3356895446777344,-0.006581231486052275,0.0
1142731,0,0.33202922344207764,-0.004912256263196468,0.0
1142732,0,0.3501461446285248,-0.004739929456263781,0.0
1142733,0,0.3395616114139557,-0.004764812532812357,0.0
1142734,0,0.3168890178203583,-0.0047533633187413216,0.0
1142735,0,0.31249338388442993,-0.0021647531539201736,0.0
1142736,0,0.3211706280708313,-0.0003201451909262687,0.0
1142737,0,0.3050578236579895,0.0017570477211847901,0.0
1142738,0,0.3154694139957428,0.0029193053487688303,0.0
1142739,0,0.27134543657302856,0.002586914226412773,0.0
1142740,0,0.2806580662727356,0.0015215869061648846,0.0
1142741,0,0.30367785692214966,0.0017089403700083494,0.0
1142742,0,0.2830590009689331,0.001971583813428879,0.0
1142743,0,0.2781897187232971,0.002001137239858508,0.0
1142744,0,0.26982754468917847,0.002338587073609233,0.0
1142745,0,0.2748546302318573,0.0016616740031167865,0.0
1142746,0,0.283266544342041,0.001311848871409893,0.0
1142747,0,0.2906210720539093,0.0009408201440237463,0.0
1142748,0,0.35416433215141296,-0.0003823198494501412,0.0
1142749,0,0.3816734552383423,-0.001008744933642447,0.0
1142750,0,0.3943869471549988,-0.0014861695235595107,0.0
1142751,0,0.3930235505104065,-0.0023478760849684477,0.0
1142752,0,0.41689759492874146,-0.0007093806052580476,0.0
1142753,0,0.41092389822006226,-0.0012443095911294222,0.0
1142754,0,0.4094616174697876,-0.0010112379677593708,0.0
1142755,0,0.43234264850616455,-0.0015838326653465629,0.0
1142756,0,0.42257043719291687,-0.001284510944969952,0.0
1142757,0,0.4451611042022705,0.00013544833927880973,0.0
1142758,0,0.4616333544254303,-0.0002723424113355577,0.0
1142759,0,0.47123846411705017,-0.0010475418530404568,0.0
1142760,0,0.44439464807510376,0.00012591310951393098,0.0
1142761,0,0.4615163207054138,0.0009674137691035867,0.0
1142762,0,0.48189032077789307,0.0021603661589324474,0.0
1142763,0,0.4831532835960388,0.0032721315510571003,0.0
1142764,0,0.49690672755241394,0.002623233711346984,0.0
1142765,0,0.504482090473175,0.0028658933006227016,0.0
1142766,0,0.477761447429657,0.0018161857733502984,0.0
1142767,0,0.4789392054080963,0.002502410439774394,0.0
1142768,0,0.4584801495075226,0.002224816009402275,0.0
1142769,0,0.4137616753578186,0.003382262773811817,0.0
1142770,0,0.4403619170188904,0.002491149352863431,0.0
1142771,0,0.45093125104904175,0.002529564779251814,0.0
1142772,0,0.46696823835372925,0.0022927848622202873,0.0
1142773,0,0.46214425563812256,0.0027838200330734253,0.0
1142774,0,0.454489141702652,0.0032473138999193907,0.0
1142775,0,0.4543357789516449,0.003067546058446169,0.0
1142776,0,0.47916072607040405,0.0025632206816226244,0.0
1142777,0,0.5194074511528015,0.0020329703111201525,0.0
1142778,0,0.5509234666824341,0.002182901371270418,0.0
1142779,0,0.5562027096748352,0.0022978761699050665,0.0
1142780,0,0.5446650385856628,0.0026104755233973265,0.0
1142781,0,0.5723310112953186,0.0015905019827187061,0.0
1142782,0,0.5880485773086548,0.001505824737250805,0.0
1142783,0,0.5714483857154846,0.0012180020567029715,0.0
1142784,0,0.5664327144622803,0.002400120021775365,0.0
1142785,0,0.5613828897476196,0.003994470927864313,0.0
1142786,0,0.5692909359931946,0.005133446305990219,0.0
1142787,0,0.5995034575462341,0.004601969383656979,0.0
1142788,0,0.622660219669342,0.005434026010334492,0.0
1142789,0,0.5973437428474426,0.008366037160158157,0.0
1142790,0,0.5829787254333496,0.007617126684635878,0.0
1142791,0,0.5563194155693054,0.007831338793039322,0.0
1142792,0,0.5466979742050171,0.009415428154170513,0.0
1142793,0,0.5385993719100952,0.010296260938048363,0.0
1142794,0,0.5285651683807373,0.009312624111771584,0.0
1142795,0,0.5113046169281006,0.010079913772642612,0.0
1142796,0,0.49934741854667664,0.008444015868008137,0.0
1142797,0,0.4901876449584961,0.008891128934919834,0.0
1142798,0,0.46780139207839966,0.0072937640361487865,0.0
1142799,0,0.4343603551387787,0.0058189015835523605,0.0
1142800,0,0.42137354612350464,0.003636318724602461,0.0
1142801,0,0.4159363806247711,0.0032158722169697285,0.0
1142802,0,0.3916092813014984,0.0025182338431477547,0.0
1142803,0,0.40931564569473267,0.0013762959279119968,0.0
1142804,0,0.4136580228805542,0.0014588871272280812,0.0
1142805,0,0.4198405146598816,0.001448814058676362,0.0
1142806,0,0.4288462698459625,0.0011632709065452218,0.0
1142807,0,0.4633127748966217,0.0008713898132555187,0.0
1142808,0,0.47005635499954224,-0.001458815997466445,0.0
1142809,0,0.49041739106178284,-0.0009450932848267257,0.0
1142810,0,0.4808816611766815,-0.0026638093404471874,0.0
1142811,0,0.4567616283893585,0.00011140038259327412,0.0
1142812,0,0.4769788980484009,0.0005036055226810277,0.0
1142813,0,0.4838081896305084,0.0011127999750897288,0.0
1142814,0,0.4950331449508667,0.0015079990262165666,0.0
1142815,0,0.48383039236068726,0.002531785983592272,0.0
1142816,0,0.4870450794696808,0.0023424902465194464,0.0
1142817,0,0.507899820804596,0.001447162008844316,0.0
1142818,0,0.4898609220981598,0.0016672690398991108,0.0
1142819,0,0.5000234246253967,0.002511510392650962,0.0
1142820,0,0.4789116382598877,0.003308280371129513,0.0
1142821,0,0.4744369685649872,0.0037693253252655268,0.0
1142822,0,0.480706125497818,0.003049638122320175,0.0
1142823,0,0.46311473846435547,0.004210255108773708,0.0
1142824,0,0.43946534395217896,0.004855114966630936,0.0
1142825,0,0.43126362562179565,0.004598631057888269,0.0
1142826,0,0.4072401225566864,0.004720469005405903,0.0
1142827,0,0.4160431921482086,0.00442548468708992,0.0
1142828,0,0.3718928396701813,0.004614850040525198,0.0
1142829,0,0.3677729666233063,0.004100635182112455,0.0
1142830,0,0.3653872311115265,0.0032756079453974962,0.0
1142831,0,0.3431323766708374,0.0016087201656773686,0.0
1142832,0,0.3452587425708771,0.0007196785300038755,0.0
1142833,0,0.37011849880218506,-0.0020309125538915396,0.0
1142834,0,0.3842073380947113,-0.002220292342826724,0.0
1142835,0,0.40859001874923706,-0.0031931917183101177,0.0
1142836,0,0.423981636762619,-0.004251223523169756,0.0
1142837,0,0.43790704011917114,-0.003786597168073058,0.0
1142838,0,0.4355432093143463,-0.0035549611784517765,0.0
1142839,0,0.4575921297073364,-0.004149244632571936,0.0
1142840,0,0.4993571937084198,-0.005356454756110907,0.0
1142841,0,0.5045063495635986,-0.003995818551629782,0.0
1142842,0,0.5174471735954285,-0.005433593410998583,0.0
1142843,0,0.49902960658073425,-0.005233713425695896,0.0
1142844,0,0.5050761103630066,-0.004196896683424711,0.0
1142845,0,0.5191873908042908,-0.006793898064643145,0.0
1142846,0,0.5063432455062866,-0.007859860546886921,0.0
1142847,0,0.49165046215057373,-0.007261390332132578,0.0
1142848,0,0.4612903296947479,-0.0006370688206516206,0.0
1142849,0,0.4684526026248932,-0.0005613390821963549,0.0
1142850,0,0.48114240169525146,-0.0005435848725028336,0.0
1142851,0,0.4784409999847412,-0.000347517168847844,0.0
1142852,0,0.45516353845596313,0.000992453540675342,0.0
1142853,0,0.46536850929260254,0.0017401856603100896,0.0
1142854,0,0.44998905062675476,0.0025587468408048153,0.0
1142855,0,0.4188278913497925,0.004835186060518026,0.0
1142856,0,0.42621973156929016,0.004630051553249359,0.0
1142857,0,0.43117836117744446,0.00387543230317533,0.0
1142858,0,0.43224087357521057,0.0022897340822964907,0.0
1142859,0,0.4398941993713379,0.0038189850747585297,0.0
1142860,0,0.43586933612823486,0.004061768297106028,0.0
1142861,0,0.43610429763793945,0.004252962302416563,0.0
1142862,0,0.4317898154258728,0.002494702348485589,0.0
1142863,0,0.4544086754322052,-0.0008552734507247806,0.0
1142864,0,0.447783499956131,-0.0009629841079004109,0.0
1142865,0,0.4739273488521576,-0.0010978191858157516,0.0
1142866,0,0.4876476526260376,-0.0015493786195293069,0.0
1142867,0,0.49793073534965515,-0.0024539062287658453,0.0
1142868,0,0.5026547908782959,-0.0011482031550258398,0.0
1142869,0,0.46608102321624756,-0.0018946717027574778,0.0
1142870,0,0.4863587021827698,-0.0034369397908449173,0.0
1142871,0,0.4679916203022003,-0.004640414845198393,0.0
1142872,0,0.4576478898525238,-0.004792842082679272,0.0
1142873,0,0.4502423107624054,-0.0032884301617741585,0.0
1142874,0,0.40619271993637085,-0.0031340052373707294,0.0
1142875,0,0.3868335783481598,-0.0038236977998167276,0.0
1142876,0,0.32437601685523987,-0.006172602530568838,0.0
1142877,0,0.32553038001060486,-0.0046351938508450985,0.0
1142878,0,0.3419143855571747,-0.004334933124482632,0.0
1142879,0,0.43267595767974854,-0.0016339179128408432,0.0
1142880,0,0.4385736286640167,-0.000510124082211405,0.0
1142881,0,0.4425303637981415,0.0017506344011053443,0.0
1142882,0,0.47540283203125,0.001172211254015565,0.0
1142883,0,0.47676828503608704,0.002682731719687581,0.0
1142884,0,0.46459028124809265,0.0025331038050353527,0.0
1142885,0,0.4579477608203888,0.003284761682152748,0.0
1142886,0,0.45684465765953064,0.005269115325063467,0.0
1142887,0,0.47718533873558044,0.004783336538821459,0.0
1142888,0,0.46962690353393555,0.005189809482544661,0.0
1142889,0,0.4487527012825012,0.004572852980345488,0.0
1142890,0,0.4383096396923065,0.004369249101728201,0.0
1142891,0,0.4451642632484436,0.004559909924864769,0.0
1142892,0,0.4551182985305786,0.003330815816298127,0.0
1142893,0,0.45069420337677,0.001354233012534678,0.0
1142894,0,0.4356987178325653,0.000731362437363714,0.0
1142895,0,0.4378681182861328,0.00010879779438255355,0.0
1142896,0,0.46143826842308044,3.7792287912452593e-05,0.0
1142897,0,0.46076273918151855,-0.0003500870370771736,0.0
1142898,0,0.44375813007354736,-0.0008191559463739395,0.0
1142899,0,0.47292888164520264,-0.0006417973199859262,0.0
1142900,0,0.5077427625656128,-0.0024131201207637787,0.0
1142901,0,0.5190326571464539,-0.0025280907284468412,0.0
1142902,0,0.543748676776886,-0.0024262312799692154,0.0
1142903,0,0.5455715656280518,-0.0032438260968774557,0.0
1142904,0,0.5324111580848694,-0.0017884494736790657,0.0
1142905,0,0.5221012830734253,-0.0026876453775912523,0.0
1142906,0,0.4996945261955261,-0.005132576916366816,0.0
1142907,0,0.4873191714286804,-0.006600610911846161,0.0
1142908,0,0.5128672122955322,-0.008852518163621426,0.0
1142909,0,0.5061538219451904,-0.006639563012868166,0.0
1142910,0,0.5040073394775391,-0.004753666464239359,0.0
1142911,0,0.48249557614326477,-0.0033120852895081043,0.0
1142912,0,0.48706427216529846,-0.0005171861848793924,0.0
1142913,0,0.5219770669937134,-0.0005524883163161576,0.0
1142914,0,0.5352352857589722,-0.000735060719307512,0.0
