ts,agent_id,x,y,z,v
1933868,0,192.36241149902344,-86.26268005371094,0.5760391354560852,0.0
1933869,0,192.36241149902344,-86.26268005371094,0.5347328782081604,0.0
1933870,0,192.36241149902344,-86.26268005371094,0.4873131513595581,0.0
1933871,0,192.36241149902344,-86.26268005371094,0.43378135561943054,0.0
1933872,0,192.36241149902344,-86.26268005371094,0.37413910031318665,0.0
1933873,0,192.36241149902344,-86.26268005371094,0.3083879053592682,0.0
1933874,0,192.36241149902344,-86.26268005371094,0.23652930557727814,0.0
1933875,0,192.36241149902344,-86.26268005371094,0.15856479108333588,0.0
1933876,0,192.36241149902344,-86.26268005371094,0.07449592649936676,0.0
1933877,0,192.36241149902344,-86.26268005371094,-0.0014325713273137808,6.922818964850432e-08
1933878,0,192.36241149902344,-86.26268005371094,-0.04976116120815277,2.0541637519052032e-07
1933879,0,192.36241149902344,-86.26268005371094,-0.0790141299366951,5.247385258662915e-08
1933880,0,192.36241149902344,-86.26268005371094,-0.09499464184045792,8.292404825797503e-08
1933881,0,192.36241149902344,-86.26268005371094,-0.09607665985822678,0.0018340556273377516
1933882,0,192.36241149902344,-86.2625503540039,-0.09360036998987198,0.006435011848101416
1933883,0,192.36244201660156,-86.26248168945312,-0.08894706517457962,0.002665931530551907
1933884,0,192.36244201660156,-86.26243591308594,-0.08312385529279709,0.0007267606404379853
1933885,0,192.36244201660156,-86.2624282836914,-0.07681392133235931,0.0002672130649645915
1933886,0,192.36245727539062,-86.26243591308594,-0.07046787440776825,0.0007197586356357654
1933887,0,192.36245727539062,-86.26245880126953,-0.06437091529369354,0.0009065250006816484
1933888,0,192.36244201660156,-86.26248168945312,-0.05869167298078537,0.0009504937469936466
1933889,0,192.36244201660156,-86.26250457763672,-0.05351840704679489,0.0009212039926913289
1933890,0,192.36241149902344,-86.26252746582031,-0.04888515546917915,0.0008576069863707193
1933891,0,192.36241149902344,-86.26255798339844,-0.04478984698653221,0.0007802446988704346
1933892,0,192.36244201660156,-86.2625732421875,-0.041208572685718536,0.0006996068578720226
1933893,0,192.36245727539062,-86.2625961303711,-0.03810413181781769,0.0006214934174197216
1933894,0,192.36245727539062,-86.26261901855469,-0.03543258458375931,0.0005486626724621402
1933895,0,192.3624725341797,-86.26263427734375,-0.03314792737364769,0.0004823950875281093
1933896,0,192.3625030517578,-86.26264190673828,-0.031204603612422943,0.00042313573322944785
1933897,0,192.3625030517578,-86.26265716552734,-0.029559288173913956,0.00037076534039640996
1933898,0,192.3625030517578,-86.26266479492188,-0.028171958401799202,0.0003236890126788117
1933899,0,192.36251831054688,-86.2626724243164,-0.02700645476579666,0.00028266014116958596
1933900,0,192.36251831054688,-86.26268005371094,-0.026030387729406357,0.00024682330086779993
1933901,0,192.36251831054688,-86.2626953125,-0.02521541528403759,0.00021509729400687687
1933902,0,192.36253356933594,-86.2626953125,-0.0245367418974638,0.00018738336949838334
1933903,0,192.36253356933594,-86.26270294189453,-0.023972854018211365,0.00016306257630102847
1933904,0,192.36253356933594,-86.26270294189453,-0.0235054399818182,0.00014203911269864065
1933905,0,192.36253356933594,-86.26271057128906,-0.02311866730451584,0.00012332862164809844
1933906,0,192.36253356933594,-86.26271057128906,-0.022799339145421982,0.00010735035193450855
1933907,0,192.362548828125,-86.26271057128906,-0.022536009550094604,9.35532324736462e-05
1933908,0,192.362548828125,-86.26271057128906,-0.022319259122014046,8.150428867434365e-05
1933909,0,192.362548828125,-86.26272583007812,-0.022141151130199432,7.083352184840617e-05
1933910,0,192.362548828125,-86.26272583007812,-0.021994896233081818,6.195084033860074e-05
1933911,0,192.362548828125,-86.26272583007812,-0.02187499962747097,5.403558162586003e-05
1933912,0,192.362548828125,-86.26272583007812,-0.02177680842578411,4.669382935062606e-05
1933913,0,192.362548828125,-86.26272583007812,-0.02169654704630375,4.041017320800385e-05
1933914,0,192.362548828125,-86.26272583007812,-0.02163093537092209,3.54878819098005e-05
1933915,0,192.362548828125,-86.26272583007812,-0.0215773768723011,3.0837855607623735e-05
1933916,0,192.362548828125,-86.26272583007812,-0.0215773768723011,0.0
1933917,0,192.362548828125,-86.26272583007812,-0.021541861817240715,3.3638629843909274e-06
1933918,0,192.362548828125,-86.26272583007812,-0.021525496616959572,2.937443158423803e-06
1933919,0,192.362548828125,-86.26272583007812,-0.02150745317339897,2.9596389804087696e-06
1933920,0,192.362548828125,-86.26272583007812,-0.02148914337158203,2.836725342303802e-06
1933921,0,192.362548828125,-86.26272583007812,-0.021471481770277023,2.6000308111737757e-06
1933922,0,192.362548828125,-86.26272583007812,-0.021454887464642525,2.3149202724571953e-06
1933923,0,192.362548828125,-86.26272583007812,-0.021439742296934128,2.104231700151581e-06
1933924,0,192.362548828125,-86.26272583007812,-0.021426161751151085,1.8556452318141544e-06
1933925,0,192.362548828125,-86.26272583007812,-0.02141410857439041,1.6310919763486155e-06
1933926,0,192.362548828125,-86.26272583007812,-0.02140357904136181,1.4040553330385903e-06
1933927,0,192.362548828125,-86.26272583007812,-0.021394461393356323,1.1764611236857913e-06
1933928,0,192.362548828125,-86.26272583007812,-0.021386565640568733,1.065576471119993e-06
1933929,0,192.362548828125,-86.26272583007812,-0.02137981355190277,8.950767983068585e-07
1933930,0,192.362548828125,-86.26272583007812,-0.02137405425310135,7.794056642887725e-07
1933931,0,192.362548828125,-86.26273345947266,-0.021369170397520065,6.486106473472226e-07
1933932,0,192.362548828125,-86.26273345947266,-0.021365050226449966,5.747635188520807e-07
1933933,0,192.362548828125,-86.26273345947266,-0.021365050226449966,0.0
1933934,0,192.362548828125,-86.26273345947266,-0.02136222831904888,2.8316250403585404e-07
1933935,0,192.362548828125,-86.26273345947266,-0.021360816434025764,4.0729149719957247e-07
1933936,0,192.362548828125,-86.26273345947266,-0.021359175443649292,2.6796864903170985e-07
1933937,0,192.362548828125,-86.26273345947266,-0.02135753631591797,2.595936625445644e-07
1933938,0,192.362548828125,-86.26273345947266,-0.02135601080954075,3.329752165629285e-07
1933939,0,192.362548828125,-86.26273345947266,-0.021354522556066513,2.3141604206592627e-07
1933940,0,192.362548828125,-86.26273345947266,-0.02135314978659153,1.7505639798133281e-07
1933941,0,192.362548828125,-86.26273345947266,-0.021351967006921768,1.9589948904539387e-07
1933942,0,192.362548828125,-86.26273345947266,-0.021350936964154243,2.2790170240902798e-07
1933943,0,192.362548828125,-86.26273345947266,-0.021350936964154243,1.516773389226316e-07
1933944,0,192.362548828125,-86.26273345947266,-0.021349182352423668,1.1062765155495932e-07
1933945,0,192.362548828125,-86.26273345947266,-0.021349182352423668,9.875930011500135e-08
1933946,0,192.362548828125,-86.26273345947266,-0.021347884088754654,1.1488927796567046e-07
1933947,0,192.362548828125,-86.26273345947266,-0.021347884088754654,1.0432201650765746e-07
1933948,0,192.362548828125,-86.26273345947266,-0.021347884088754654,4.126623396238496e-08
1933949,0,192.362548828125,-86.26273345947266,-0.021346550434827805,4.025216375271199e-08
1933950,0,192.362548828125,-86.26273345947266,-0.021346550434827805,0.0
1933951,0,192.362548828125,-86.26273345947266,-0.021346550434827805,4.1496068900762e-08
1933952,0,192.362548828125,-86.26273345947266,-0.021346550434827805,4.045712910459619e-08
1933953,0,192.362548828125,-86.26273345947266,-0.021346550434827805,1.177634569022505e-07
1933954,0,192.362548828125,-86.26273345947266,-0.021346550434827805,2.2236828264898983e-07
1933955,0,192.362548828125,-86.26273345947266,-0.021346550434827805,3.5548678314506e-08
1933956,0,192.362548828125,-86.26273345947266,-0.021346550434827805,4.289407100361622e-08
1933957,0,192.362548828125,-86.26273345947266,-0.02134552039206028,1.5964276070166054e-08
1933958,0,192.362548828125,-86.26273345947266,-0.02134552039206028,9.233985537742901e-08
1933959,0,192.362548828125,-86.26273345947266,-0.02134552039206028,4.510956523846664e-08
1933960,0,192.362548828125,-86.26273345947266,-0.02134552039206028,1.7510042574232505e-09
1933961,0,192.362548828125,-86.26273345947266,-0.02134552039206028,3.498452078175014e-08
1933962,0,192.362548828125,-86.26273345947266,-0.02134552039206028,2.4309326702365107e-08
1933963,0,192.362548828125,-86.26271057128906,-0.021343879401683807,0.0013495811063450984
1933964,0,192.3626251220703,-86.25659942626953,-0.021464042365550995,0.3192954899907429
1933965,0,192.36279296875,-86.2426528930664,-0.02166755683720112,0.6274627559103161
1933966,0,192.36302185058594,-86.22117614746094,-0.02190597541630268,0.9252647924778257
1933967,0,192.3633575439453,-86.19245147705078,-0.02214874140918255,1.21244153916603
1933968,0,192.36376953125,-86.15676879882812,-0.02237827330827713,1.4888682927578056
1933969,0,192.36427307128906,-86.1143798828125,-0.022584417834877968,1.7545305735370815
1933970,0,192.3648223876953,-86.0655746459961,-0.022762717679142952,2.0095002869157677
1933971,0,192.36544799804688,-86.0106201171875,-0.0229117963463068,2.2539285598255274
1933972,0,192.36614990234375,-85.94977569580078,-0.02303234115242958,2.488026597321115
1933973,0,192.3668975830078,-85.88328552246094,-0.023125724866986275,2.7120614908516876
1933974,0,192.36767578125,-85.8114013671875,-0.023194845765829086,2.9263458672934473
1933975,0,192.36851501464844,-85.7343521118164,-0.02324226312339306,3.1312259993505145
1933976,0,192.369384765625,-85.65237426757812,-0.023270606994628906,3.3270776786847
1933977,0,192.37033081054688,-85.56565856933594,-0.023282622918486595,3.5142983276781137
1933978,0,192.3712921142578,-85.47444152832031,-0.02328086830675602,3.6932959572383246
1933979,0,192.37228393554688,-85.37890625,-0.023267440497875214,3.864487561921492
1933980,0,192.37327575683594,-85.27923583984375,-0.023244628682732582,4.028381787929896
1933981,0,192.3743133544922,-85.17560577392578,-0.023214111104607582,4.185649145289823
1933982,0,192.37535095214844,-85.06815338134766,-0.023177985101938248,4.33672403676129
1933983,0,192.3764190673828,-84.95703125,-0.023137245327234268,4.4819208838153
1933984,0,192.37750244140625,-84.84239959716797,-0.023093147203326225,4.621531561816726
1933985,0,192.37857055664062,-84.72438049316406,-0.02304679900407791,4.75585624463565
1933986,0,192.37966918945312,-84.60309600830078,-0.02299903891980648,4.8851880454971495
1933987,0,192.38075256347656,-84.47866821289062,-0.02295047789812088,5.009810315972623
1933988,0,192.38185119628906,-84.35118865966797,-0.022639846429228783,5.131115015036943
1933989,0,192.38294982910156,-84.22075653076172,-0.022439192980527878,5.247678995648248
1933990,0,192.38400268554688,-84.08748626708984,-0.022310256958007812,5.360301928512614
1933991,0,192.3850555419922,-83.95148468017578,-0.022227516397833824,5.4692248132211185
1933992,0,192.3861083984375,-83.81282043457031,-0.022173918783664703,5.574691127956064
1933993,0,192.38714599609375,-83.67157745361328,-0.022138366475701332,5.676923231637178
1933994,0,192.38815307617188,-83.52783203125,-0.022113531827926636,5.776129025211208
1933995,0,192.38916015625,-83.38166046142578,-0.022094840183854103,5.872514092579866
1933996,0,192.39015197753906,-83.23311614990234,-0.02207927592098713,5.9662657437512685
1933997,0,192.39114379882812,-83.082275390625,-0.022065162658691406,6.057562135294074
1933998,0,192.39212036132812,-82.92919921875,-0.02205146662890911,6.146566677169869
1933999,0,192.39309692382812,-82.77393341064453,-0.022037696093320847,6.233434327054981
1934000,0,192.39410400390625,-82.61653137207031,-0.022023582831025124,6.318305217816367
1934001,0,192.39508056640625,-82.45703887939453,-0.022008895874023438,6.401310567367243
1934002,0,192.3960723876953,-82.2955093383789,-0.021993866190314293,6.4825740021485805
1934003,0,192.39703369140625,-82.13197326660156,-0.02197883464396,6.562205396797208
1934004,0,192.39801025390625,-81.96647644042969,-0.021963385865092278,6.6403089723925115
1934005,0,192.39898681640625,-81.79904174804688,-0.02194805070757866,6.7169748130975915
1934006,0,192.39993286132812,-81.62972259521484,-0.021932754665613174,6.79229727849112
1934007,0,192.40090942382812,-81.45854949951172,-0.021917609497904778,6.866349572954671
1934008,0,192.40187072753906,-81.28553771972656,-0.02190273255109787,6.939217052643524
1934009,0,192.40283203125,-81.11073303222656,-0.021888311952352524,7.010956075469702
1934010,0,192.40374755859375,-80.93415069580078,-0.02187427505850792,7.081637824371185
1934011,0,192.4046630859375,-80.75581359863281,-0.021860618144273758,7.151320163885467
1934012,0,192.40554809570312,-80.57575988769531,-0.021847456693649292,7.220053873549257
1934013,0,192.40640258789062,-80.39400482177734,-0.02183479256927967,7.287883007251901
1934014,0,192.4072265625,-80.21055603027344,-0.021822623908519745,7.354842782723115
1934015,0,192.4080047607422,-80.02545928955078,-0.02181083709001541,7.421011264868152
1934016,0,192.40872192382812,-79.8387222290039,-0.02179969660937786,7.486399379825238
1934017,0,192.409423828125,-79.65035247802734,-0.021789168938994408,7.551035772346914
1934018,0,192.4100799560547,-79.46038818359375,-0.021778907626867294,7.614978191034769
1934019,0,192.41067504882812,-79.26883697509766,-0.021769102662801743,7.678242106211414
1934020,0,192.41123962402344,-79.07571411132812,-0.02175975777208805,7.74085827545568
1934021,0,192.41175842285156,-78.88103485107422,-0.021750831976532936,7.802848309014347
1934022,0,192.4121856689453,-78.68482208251953,-0.021742362529039383,7.864235470376443
1934023,0,192.4125518798828,-78.4870834350586,-0.021734314039349556,7.925363392755323
1934024,0,192.4128875732422,-78.28895568847656,-0.021701468154788017,7.925223801372255
1934025,0,192.41314697265625,-78.0909194946289,-0.021648520603775978,7.922149850876492
1934026,0,192.413330078125,-77.89297485351562,-0.021588286384940147,7.919029642370491
1934027,0,192.41346740722656,-77.69509887695312,-0.02152763307094574,7.915905581760463
1934028,0,192.41354370117188,-77.49730682373047,-0.021470259875059128,7.912778854822048
1934029,0,192.41360473632812,-77.2995834350586,-0.021417655050754547,7.909650829689838
1934030,0,192.41360473632812,-77.10193634033203,-0.02137073501944542,7.906522836420688
1934031,0,192.41358947753906,-76.90436553955078,-0.021329307928681374,7.903392339113266
1934032,0,192.41357421875,-76.70686340332031,-0.021292991936206818,7.900266654992047
1934033,0,192.4135284423828,-76.50943756103516,-0.02126152068376541,7.897142887615707
1934034,0,192.4134979248047,-76.31208801269531,-0.021234283223748207,7.894013136667277
1934035,0,192.41343688964844,-76.11481475830078,-0.021210631355643272,7.8906208587923015
1934036,0,192.4134063720703,-75.91763305664062,-0.02119041420519352,7.88739427306715
1934037,0,192.41351318359375,-75.72051239013672,-0.021172942593693733,7.884307164647559
1934038,0,192.41372680664062,-75.52347564697266,-0.02115817926824093,7.881212864812382
1934039,0,192.41409301757812,-75.32650756835938,-0.021145209670066833,7.878096643917121
1934040,0,192.41458129882812,-75.12962341308594,-0.021134376525878906,7.8749912395546025
1934041,0,192.41519165039062,-74.93280792236328,-0.021125029772520065,7.871884047879371
1934042,0,192.4158935546875,-74.73607635498047,-0.021116942167282104,7.868756915062932
1934043,0,192.4167022705078,-74.53942108154297,-0.021110039204359055,7.8656482072438365
1934044,0,192.41763305664062,-74.34212493896484,-0.021121634170413017,7.918757899321089
1934045,0,192.41867065429688,-74.14199829101562,-0.02118591219186783,8.031096458967562
1934046,0,192.41981506347656,-73.93911743164062,-0.021272772923111916,8.139718891885554
1934047,0,192.42105102539062,-73.73357391357422,-0.02136409655213356,8.244501049228845
1934048,0,192.42237854003906,-73.52549743652344,-0.021451033651828766,8.345759601560983
1934049,0,192.4237823486328,-73.31495666503906,-0.02152915857732296,8.443759127933909
1934050,0,192.4252471923828,-73.1020278930664,-0.021596413105726242,8.538714415490652
1934051,0,192.42678833007812,-72.88678741455078,-0.021652907133102417,8.630845223137596
1934052,0,192.42837524414062,-72.66930389404297,-0.02169918082654476,8.720342889654411
1934053,0,192.4299774169922,-72.44963073730469,-0.02173633500933647,8.807388684860147
1934054,0,192.4315948486328,-72.22783660888672,-0.02176547981798649,8.892177456913613
1934055,0,192.43321228027344,-72.00396728515625,-0.02178775705397129,8.974870000623426
1934056,0,192.43479919433594,-71.77806854248047,-0.02180408500134945,9.0556207003212
1934057,0,192.4363555908203,-71.55020141601562,-0.021815413609147072,9.134440895571
1934058,0,192.43792724609375,-71.32040405273438,-0.02182239480316639,9.21091520382578
1934059,0,192.43942260742188,-71.0887451171875,-0.02182510308921337,9.284477615170568
1934060,0,192.44091796875,-70.85531616210938,-0.02182365395128727,9.354379405095484
1934061,0,192.4423828125,-70.62023162841797,-0.02181808464229107,9.420205283560446
1934062,0,192.44384765625,-70.38358306884766,-0.02180812694132328,9.481305556435265
1934063,0,192.44528198242188,-70.1455078125,-0.02179359458386898,9.536926549184619
1934064,0,192.44674682617188,-69.90616607666016,-0.021774405613541603,9.586658401336765
1934065,0,192.4482421875,-69.66569519042969,-0.021750640124082565,9.630178248210983
1934066,0,192.44973754882812,-69.42426300048828,-0.021722372621297836,9.66726618858263
1934067,0,192.45126342773438,-69.1820297241211,-0.02168983407318592,9.69781693681208
1934068,0,192.4528350830078,-68.93916320800781,-0.021653441712260246,9.721591323649744
1934069,0,192.45440673828125,-68.69583129882812,-0.021613197401165962,9.73865969386985
1934070,0,192.45608520507812,-68.45219421386719,-0.021570205688476562,9.749685091294873
1934071,0,192.45782470703125,-68.20838928222656,-0.02152477204799652,9.75451723187854
1934072,0,192.459716796875,-67.96459197998047,-0.021477393805980682,9.75317211063584
1934073,0,192.4617156982422,-67.72093200683594,-0.021428490057587624,9.745955448673627
1934074,0,192.4638214111328,-67.47755432128906,-0.02137863077223301,9.733488360695677
1934075,0,192.46604919433594,-67.23458862304688,-0.021328581497073174,9.716217609397338
1934076,0,192.46841430664062,-66.99213409423828,-0.021278876811265945,9.694464564017778
1934077,0,192.470947265625,-66.75030517578125,-0.021229781210422516,9.668658234657814
1934078,0,192.47364807128906,-66.50919342041016,-0.021182021126151085,9.63926428916361
1934079,0,192.47653198242188,-66.26885986328125,-0.021135862916707993,9.60712768111001
1934080,0,192.47958374023438,-66.02937316894531,-0.021092185750603676,9.57294637196062
1934081,0,192.4828338623047,-65.790771484375,-0.02105121500790119,9.537021088562884
1934082,0,192.4862518310547,-65.5531005859375,-0.02101322077214718,9.49969744378077
1934083,0,192.4898223876953,-65.31639099121094,-0.02097824029624462,9.461144272185699
1934084,0,192.4935302734375,-65.08065032958984,-0.020946310833096504,9.421460981378148
1934085,0,192.4973602294922,-64.84593200683594,-0.02091720513999462,9.38105900532362
1934086,0,192.5012969970703,-64.61222076416016,-0.02089115045964718,9.340550663209214
1934087,0,192.5052947998047,-64.37950897216797,-0.020868148654699326,9.300443301814957
1934088,0,192.50929260253906,-64.14778900146484,-0.02084854058921337,9.260982068855178
1934089,0,192.5133819580078,-63.91703414916992,-0.020832251757383347,9.222451129738463
1934090,0,192.5175018310547,-63.687225341796875,-0.02081916853785515,9.185251946004719
1934091,0,192.52163696289062,-63.45831298828125,-0.02080940268933773,9.149401861131002
1934092,0,192.5258331298828,-63.23027801513672,-0.020802268758416176,9.114649987401581
1934093,0,192.530029296875,-63.00308609008789,-0.020797500386834145,9.080760196193188
1934094,0,192.53427124023438,-62.77672576904297,-0.020794905722141266,9.048240414552764
1934095,0,192.5385284423828,-62.55113983154297,-0.02079441025853157,9.017422324585146
1934096,0,192.54283142089844,-62.3262939453125,-0.02079593576490879,8.988340204211685
1934097,0,192.547119140625,-62.10213851928711,-0.020799368619918823,8.960980450271585
1934098,0,192.5514373779297,-61.87863540649414,-0.020804405212402344,8.93525503927041
1934099,0,192.55575561523438,-61.65575408935547,-0.020810699090361595,8.910772498849232
1934100,0,192.56007385253906,-61.43345642089844,-0.02081802301108837,8.887563851347164
1934101,0,192.56442260742188,-61.211708068847656,-0.020826300606131554,8.866345238096185
1934102,0,192.56881713867188,-60.990447998046875,-0.02083568461239338,8.846929742174344
1934103,0,192.57318115234375,-60.7696418762207,-0.020845945924520493,8.829185830725084
1934104,0,192.57757568359375,-60.54917907714844,-0.020858878269791603,8.819026997028153
1934105,0,192.5819549560547,-60.32879638671875,-0.020877493545413017,8.815498999878468
1934106,0,192.5863494873047,-60.10850524902344,-0.020897788926959038,8.81197143092857
1934107,0,192.5907440185547,-59.88829803466797,-0.02091800607740879,8.80844437166953
1934108,0,192.5951690673828,-59.668182373046875,-0.02093692682683468,8.804930262617791
1934109,0,192.59962463378906,-59.448158264160156,-0.020954245701432228,8.801415262127628
1934110,0,192.60409545898438,-59.22822570800781,-0.02096961997449398,8.797901314563841
1934111,0,192.60862731933594,-59.00838088989258,-0.02098308503627777,8.794383321777286
1934112,0,192.61314392089844,-58.78862762451172,-0.020994987338781357,8.790870159158132
1934113,0,192.61764526367188,-58.56895446777344,-0.021005209535360336,8.787362502659917
1934114,0,192.6221466064453,-58.34937286376953,-0.021014060825109482,8.7838525274297
1934115,0,192.62661743164062,-58.129886627197266,-0.021021727472543716,8.78034156579848
1934116,0,192.63107299804688,-57.91048049926758,-0.02102832682430744,8.776820498132894
1934117,0,192.63548278808594,-57.691165924072266,-0.021033896133303642,8.773309807206658
1934118,0,192.6398468017578,-57.47193908691406,-0.021038740873336792,8.769805026810008
1934119,0,192.6441192626953,-57.2527961730957,-0.02104293741285801,8.766309316837322
1934120,0,192.6483154296875,-57.03374481201172,-0.021046485751867294,8.762813031462933
1934121,0,192.65243530273438,-56.81477355957031,-0.02104957588016987,8.759314078398685
1934122,0,192.65646362304688,-56.59589385986328,-0.021052207797765732,8.755818701887852
1934123,0,192.6604461669922,-56.37709426879883,-0.021054573357105255,8.752324144543545
1934124,0,192.6643524169922,-56.158382415771484,-0.021056441590189934,8.74883230311124
1934125,0,192.66819763183594,-55.939109802246094,-0.021072501316666603,8.779557794020787
1934126,0,192.67201232910156,-55.7191047668457,-0.02109760232269764,8.807396238736782
1934127,0,192.67575073242188,-55.498470306396484,-0.02112407609820366,8.831470774808077
1934128,0,192.67942810058594,-55.27728271484375,-0.021148260682821274,8.853022956758041
1934129,0,192.68304443359375,-55.05561447143555,-0.02116851694881916,8.872008151960044
1934130,0,192.6865997314453,-54.83353042602539,-0.021183891221880913,8.887456984837476
1934131,0,192.69007873535156,-54.61114501953125,-0.021193504333496094,8.898606772998999
1934132,0,192.69351196289062,-54.3885498046875,-0.021197890862822533,8.906771420886148
1934133,0,192.69688415527344,-54.165794372558594,-0.021197928115725517,8.912176874001931
1934134,0,192.70021057128906,-53.9429817199707,-0.021193847060203552,8.913933129119009
1934135,0,192.7034912109375,-53.720184326171875,-0.0211861040443182,8.912573522423328
1934136,0,192.7067413330078,-53.49749755859375,-0.02117481268942356,8.907104439328897
1934137,0,192.70989990234375,-53.275028228759766,-0.021160202100872993,8.897403544865806
1934138,0,192.71304321289062,-53.05293655395508,-0.021141013130545616,8.879293048190014
1934139,0,192.71612548828125,-52.83174514770508,-0.02110919915139675,8.837557155530108
1934140,0,192.71917724609375,-52.612060546875,-0.021060066297650337,8.772065362140635
1934141,0,192.72218322753906,-52.394466400146484,-0.02099204994738102,8.682874351067465
1934142,0,192.72515869140625,-52.1795654296875,-0.020905418321490288,8.569985771043953
1934143,0,192.72805786132812,-51.96794891357422,-0.020801657810807228,8.433355695087558
1934144,0,192.73092651367188,-51.76019287109375,-0.02068221941590309,8.272899379676437
1934145,0,192.7337188720703,-51.556766510009766,-0.020552290603518486,8.097811783371561
1934146,0,192.73641967773438,-51.35784149169922,-0.020420417189598083,7.916226054616778
1934147,0,192.739013671875,-51.16355514526367,-0.02029220573604107,7.729319067916114
1934148,0,192.74148559570312,-50.97401428222656,-0.020170897245407104,7.537933941059464
1934149,0,192.7438201904297,-50.78932189941406,-0.020058097317814827,7.342883268077262
1934150,0,192.7460479736328,-50.60955810546875,-0.019954565912485123,7.14475603233688
1934151,0,192.74815368652344,-50.43478775024414,-0.01986030489206314,6.944050060090767
1934152,0,192.7501983642578,-50.265071868896484,-0.01977519877254963,6.741028249696192
1934153,0,192.75210571289062,-50.1004524230957,-0.019698714837431908,6.536438679894707
1934154,0,192.75399780273438,-49.94095993041992,-0.019630469381809235,6.330610255575209
1934155,0,192.75588989257812,-49.78663635253906,-0.019569778814911842,6.123714753426267
1934156,0,192.75778198242188,-49.637489318847656,-0.01951618120074272,5.916051848580033
1934157,0,192.759765625,-49.49354553222656,-0.019468802958726883,5.70776968743935
1934158,0,192.76173400878906,-49.35480499267578,-0.019427375867962837,5.499085234736304
1934159,0,192.76376342773438,-49.22129440307617,-0.019390983507037163,5.290059663021127
1934160,0,192.76585388183594,-49.0930061340332,-0.019359206780791283,5.080863978129637
1934161,0,192.76792907714844,-48.96992492675781,-0.01945541426539421,4.872856156528346
1934162,0,192.77001953125,-48.85205841064453,-0.019611014053225517,4.663895061411991
1934163,0,192.77206420898438,-48.73941421508789,-0.01970168948173523,4.4551268565879925
1934164,0,192.77407836914062,-48.631980895996094,-0.019747771322727203,4.246544523373927
1934165,0,192.77597045898438,-48.52975845336914,-0.019764022901654243,4.0381174391879835
1934166,0,192.77777099609375,-48.432743072509766,-0.01976066455245018,3.8297633535200393
1934167,0,192.77938842773438,-48.340911865234375,-0.01974513940513134,3.622181835373183
1934168,0,192.78085327148438,-48.25426483154297,-0.019723091274499893,3.414985189149219
1934169,0,192.78211975097656,-48.172786712646484,-0.0196976475417614,3.2083445293738944
1934170,0,192.78326416015625,-48.096458435058594,-0.01967182196676731,3.002312284738189
1934171,0,192.78421020507812,-48.02526092529297,-0.01964668184518814,2.7968704112572094
1934172,0,192.78501892089844,-47.959197998046875,-0.0196234118193388,2.591918309319564
1934173,0,192.78570556640625,-47.89823532104492,-0.01960243098437786,2.387619131947043
1934174,0,192.78627014160156,-47.842376708984375,-0.019584007561206818,2.1837999460948128
1934175,0,192.78677368164062,-47.791595458984375,-0.01956794783473015,1.9805415765781909
1934176,0,192.7871856689453,-47.745887756347656,-0.019554557278752327,1.7778235243054614
1934177,0,192.78753662109375,-47.70523452758789,-0.019543418660759926,1.575685746705431
1934178,0,192.78787231445312,-47.66962432861328,-0.01953430101275444,1.3741293177401184
1934179,0,192.78811645507812,-47.639041900634766,-0.019527167081832886,1.1731409165173832
1934180,0,192.78831481933594,-47.61347198486328,-0.019521713256835938,0.9726985094304335
1934181,0,192.78851318359375,-47.59290313720703,-0.019517745822668076,0.7728308321568486
1934182,0,192.7886505126953,-47.57728958129883,-0.019515646621584892,0.5756075013581042
1934183,0,192.78872680664062,-47.567054748535156,-0.019505614414811134,0.34103178855137234
1934184,0,192.7887725830078,-47.5622444152832,-0.019498024135828018,0.17232880416677332
1934185,0,192.7887725830078,-47.56219482421875,-0.019491957500576973,0.00013454318316587224
1934186,0,192.7887725830078,-47.562137603759766,-0.01958339661359787,0.0006357436174900852
1934187,0,192.7887725830078,-47.56204605102539,-0.019720762968063354,0.0008515056950143115
1934188,0,192.78878784179688,-47.56193923950195,-0.019878311082720757,0.0009402019116536775
1934189,0,192.78878784179688,-47.561824798583984,-0.020040282979607582,0.0009497415440378468
1934190,0,192.78878784179688,-47.56171798706055,-0.02019687555730343,0.00091196247101569
1934191,0,192.78878784179688,-47.56161880493164,-0.02034309320151806,0.000847690809977462
1934192,0,192.78878784179688,-47.56153106689453,-0.02047637850046158,0.0007705223147090453
1934193,0,192.78878784179688,-47.56145477294922,-0.020595550537109375,0.000689272131289649
1934194,0,192.78878784179688,-47.5613899230957,-0.020700836554169655,0.0006093418046231005
1934195,0,192.78878784179688,-47.56132888793945,-0.020793113857507706,0.0005337463222822582
1934196,0,192.78878784179688,-47.5612678527832,-0.020873259752988815,0.00046424052041736116
1934197,0,192.78878784179688,-47.56122589111328,-0.020942572504281998,0.0004015803226598026
1934198,0,192.78878784179688,-47.56118392944336,-0.021002348512411118,0.0003458708910745815
1934199,0,192.78878784179688,-47.5611572265625,-0.02105354331433773,0.00029682821980051726
1934200,0,192.78878784179688,-47.561126708984375,-0.0210973359644413,0.00025405249198384976
1934201,0,192.78878784179688,-47.56110763549805,-0.021134909242391586,0.00021694851952957508
1934202,0,192.78878784179688,-47.56108856201172,-0.021166685968637466,0.00018490653763639716
1934203,0,192.78878784179688,-47.56106185913086,-0.021193847060203552,0.0001573717514809417
1934204,0,192.78878784179688,-47.56105041503906,-0.02121688798069954,0.00013377073128646887
1934205,0,192.78878784179688,-47.56102752685547,-0.021236419677734375,0.00011359863933512213
1934206,0,192.78878784179688,-47.56102752685547,-0.02123943343758583,3.73245869156011e-05
1934207,0,192.78878784179688,-47.5610237121582,-0.021247368305921555,5.132415694719785e-05
1934208,0,192.78878784179688,-47.56101608276367,-0.021256636828184128,5.745254443208541e-05
1934209,0,192.78878784179688,-47.561004638671875,-0.02126624993979931,5.831683924433979e-05
1934210,0,192.78878784179688,-47.56100082397461,-0.021275673061609268,5.606990293051232e-05
1934211,0,192.78878784179688,-47.56098937988281,-0.02128440886735916,5.209870575696241e-05
1934212,0,192.78878784179688,-47.56098556518555,-0.021292418241500854,4.7272186138355364e-05
1934213,0,192.78878784179688,-47.56098175048828,-0.021299591287970543,4.2200095030310555e-05
1934214,0,192.78878784179688,-47.56097412109375,-0.021305961534380913,3.7215484532821657e-05
1934215,0,192.78878784179688,-47.560970306396484,-0.02131149172782898,3.255350039814005e-05
1934216,0,192.78878784179688,-47.56096649169922,-0.02131633646786213,2.8246126333049196e-05
1934217,0,192.78878784179688,-47.56096649169922,-0.021320533007383347,2.4397943553818625e-05
1934218,0,192.78878784179688,-47.56096267700195,-0.021324118599295616,2.0963976072609195e-05
1934219,0,192.78878784179688,-47.56095504760742,-0.021327171474695206,1.796853679960282e-05
1934220,0,192.78878784179688,-47.56095504760742,-0.021329840645194054,1.537935393280582e-05
1934221,0,192.78878784179688,-47.56095504760742,-0.021332092583179474,1.3096068108610558e-05
1934222,0,192.78878784179688,-47.560951232910156,-0.021333999931812286,1.1155046835745288e-05
1934223,0,192.78878784179688,-47.560951232910156,-0.021333999931812286,3.709568681304553e-06
1934224,0,192.78878784179688,-47.560951232910156,-0.02133510634303093,5.063523402895595e-06
1934225,0,192.78878784179688,-47.560951232910156,-0.02133510634303093,5.721529493888772e-06
1934226,0,192.78878784179688,-47.560951232910156,-0.021336974576115608,5.803430213379581e-06
1934227,0,192.78878784179688,-47.560951232910156,-0.021336974576115608,5.5720758598137515e-06
1934228,0,192.78878784179688,-47.560951232910156,-0.021338768303394318,5.15959569008054e-06
1934229,0,192.78878784179688,-47.56094741821289,-0.021339569240808487,4.657702938864459e-06
1934230,0,192.78878784179688,-47.56094741821289,-0.021339569240808487,4.169729146840204e-06
1934231,0,192.78878784179688,-47.56094741821289,-0.02134086564183235,3.676020693228226e-06
1934232,0,192.78878784179688,-47.56094741821289,-0.02134086564183235,3.2422076902090187e-06
1934233,0,192.78878784179688,-47.56094741821289,-0.02134193293750286,2.795753550500313e-06
1934234,0,192.78878784179688,-47.56094741821289,-0.02134193293750286,2.416011024368219e-06
1934235,0,192.78878784179688,-47.56094741821289,-0.02134193293750286,2.0818573571297054e-06
1934236,0,192.78878784179688,-47.56094741821289,-0.02134300209581852,1.7941441995096507e-06
1934237,0,192.78878784179688,-47.56094741821289,-0.02134300209581852,1.5481321317444802e-06
1934238,0,192.78878784179688,-47.56094741821289,-0.02134300209581852,1.2913654144332041e-06
1934239,0,192.78878784179688,-47.56094741821289,-0.02134300209581852,1.0885144537916936e-06
1934240,0,192.78878784179688,-47.56094741821289,-0.02134300209581852,3.888335785866564e-07
1934241,0,192.78878784179688,-47.56094741821289,-0.02134300209581852,4.784893131085538e-07
1934242,0,192.78878784179688,-47.56094741821289,-0.02134300209581852,5.773395718373385e-07
1934243,0,192.78878784179688,-47.56094741821289,-0.02134300209581852,5.933384458961864e-07
1934244,0,192.78878784179688,-47.56094741821289,-0.021344032138586044,5.250367561516063e-07
1934245,0,192.78878784179688,-47.56094741821289,-0.021344032138586044,5.148987975826137e-07
1934246,0,192.78878784179688,-47.56094741821289,-0.021344032138586044,4.685825050797131e-07
1934247,0,192.78878784179688,-47.56094741821289,-0.021344032138586044,4.417877710125466e-07
1934248,0,192.78878784179688,-47.56094741821289,-0.021344032138586044,3.8511346223721083e-07
1934249,0,192.78878784179688,-47.56121063232422,-0.02133716456592083,0.020630517672730175
1934250,0,192.78878784179688,-47.5610237121582,-0.021341819316148758,0.01749303900299933
1934251,0,192.78878784179688,-47.56074142456055,-0.021346205845475197,0.013406802971601574
1934252,0,192.78878784179688,-47.560340881347656,-0.021350668743252754,0.0079131536109661
1934253,0,192.78878784179688,-47.55977249145508,-0.02135585807263851,0.0007077478489276953
1934254,0,192.78878784179688,-47.558998107910156,-0.02136203646659851,0.008760404507987849
1934255,0,192.78878784179688,-47.55788040161133,-0.021371040493249893,0.026101027285166636
1934256,0,192.78878784179688,-47.55626678466797,-0.021384621039032936,0.06454188596280833
1934257,0,192.78880310058594,-47.553592681884766,-0.021413803100585938,0.12362441041810718
1934258,0,192.78892517089844,-47.54998016357422,-0.021443327888846397,0.14862617885231988
1934259,0,192.78907775878906,-47.54540252685547,-0.021472129970788956,0.1937761420302461
1934260,0,192.7892303466797,-47.53965759277344,-0.021503867581486702,0.2400541298224385
1934261,0,192.78941345214844,-47.53268051147461,-0.021537208929657936,0.29046408096032256
1934262,0,192.78958129882812,-47.52429962158203,-0.021573103964328766,0.3500780974293134
1934263,0,192.78977966308594,-47.51417541503906,-0.021614989265799522,0.42612782284658535
1934264,0,192.789794921875,-47.50174331665039,-0.02166900597512722,0.5232042395898789
1934265,0,192.78990173339844,-47.48849105834961,-0.021696433424949646,0.5291994333338578
1934266,0,192.7899932861328,-47.47526931762695,-0.021695556119084358,0.5290259843415402
1934267,0,192.79006958007812,-47.462059020996094,-0.021678276360034943,0.528848701036015
1934268,0,192.79017639160156,-47.44886016845703,-0.021652258932590485,0.5286671108923452
1934269,0,192.79026794433594,-47.435672760009766,-0.021622389554977417,0.5284778224249009
1934270,0,192.79039001464844,-47.422489166259766,-0.02159164473414421,0.528290105041532
1934271,0,192.79049682617188,-47.40930938720703,-0.02156185172498226,0.5280997154288946
1934272,0,192.79061889648438,-47.39613342285156,-0.021534042432904243,0.5279086503530762
1934273,0,192.7907257080078,-47.382957458496094,-0.021508749574422836,0.527717298797119
1934274,0,192.79083251953125,-47.369789123535156,-0.02148616686463356,0.5275257363060986
1934275,0,192.79095458984375,-47.35662078857422,-0.021466216072440147,0.5273340159041552
1934276,0,192.79107666015625,-47.34345626831055,-0.02144882082939148,0.5271427680265744
1934277,0,192.7911834716797,-47.33029556274414,-0.02143348567187786,0.5269512659204587
1934278,0,192.79129028320312,-47.317138671875,-0.021420326083898544,0.526759074366437
1934279,0,192.79139709472656,-47.30398178100586,-0.02140907198190689,0.5265687968375619
1934280,0,192.79151916503906,-47.290828704833984,-0.021399345248937607,0.5263780656995934
1934281,0,192.79161071777344,-47.27768325805664,-0.021391067653894424,0.5261876965459454
1934282,0,192.79173278808594,-47.26453399658203,-0.021383894607424736,0.5259975692178681
1934283,0,192.7918243408203,-47.25139617919922,-0.02137802168726921,0.5258070829654289
1934284,0,192.79193115234375,-47.23825454711914,-0.02137279510498047,0.5256180991264596
1934285,0,192.79205322265625,-47.22496032714844,-0.021372299641370773,0.538294580567625
1934286,0,192.79214477539062,-47.21006393432617,-0.02139945887029171,0.6027195369598932
1934287,0,192.79226684570312,-47.1942024230957,-0.02143016830086708,0.6419832887778559
1934288,0,192.7924041748047,-47.17706298828125,-0.021467437967658043,0.6982851492846723
1934289,0,192.79254150390625,-47.15821075439453,-0.021514587104320526,0.769592723075978
1934290,0,192.79270935058594,-47.13730239868164,-0.02157154120504856,0.8551883784307776
1934291,0,192.7928924560547,-47.113983154296875,-0.021637992933392525,0.9555440450306084
1934292,0,192.79307556152344,-47.08815383911133,-0.021707991138100624,1.055632479786047
1934293,0,192.7932891845703,-47.05990982055664,-0.021774940192699432,1.1510648653793552
1934294,0,192.7935333251953,-47.02935028076172,-0.021835632622241974,1.2433813739359867
1934295,0,192.7937774658203,-46.99653244018555,-0.02188854105770588,1.3334008668449868
1934296,0,192.79408264160156,-46.96150588989258,-0.021933631971478462,1.421709243084339
1934297,0,192.7943572998047,-46.9243049621582,-0.02197158709168434,1.5087352707183428
1934298,0,192.794677734375,-46.88494110107422,-0.02200298197567463,1.5947971547680015
1934299,0,192.7949981689453,-46.84345245361328,-0.02202884666621685,1.6801271589133993
1934300,0,192.79534912109375,-46.799842834472656,-0.022049864754080772,1.7649066081795002
1934301,0,192.7957305908203,-46.75412368774414,-0.0220669936388731,1.8492679052900638
1934302,0,192.79612731933594,-46.70630645751953,-0.0220809169113636,1.9333162745451835
1934303,0,192.79653930664062,-46.656394958496094,-0.022092055529356003,2.0171317511969797
1934304,0,192.79698181152344,-46.60438919067383,-0.022101210430264473,2.100775841433415
1934305,0,192.79742431640625,-46.550296783447266,-0.02210845984518528,2.1842983687474997
1934306,0,192.79786682128906,-46.49412536621094,-0.022114524617791176,2.2677356258508246
1934307,0,192.79835510253906,-46.43586349487305,-0.02211921662092209,2.3511207264247163
1934308,0,192.79885864257812,-46.375526428222656,-0.022123144939541817,2.4344794986328475
1934309,0,192.79934692382812,-46.3130989074707,-0.022126464173197746,2.517829468335865
1934310,0,192.7998809814453,-46.248592376708984,-0.022129211574792862,2.6011873570693456
1934311,0,192.80039978027344,-46.1819953918457,-0.022131498903036118,2.684565261573049
1934312,0,192.8009490966797,-46.113319396972656,-0.02213348262012005,2.7679744143125293
1934313,0,192.801513671875,-46.04255676269531,-0.02213512361049652,2.8514222839501175
1934314,0,192.80210876464844,-45.96971130371094,-0.02213664911687374,2.934918300137579
1934315,0,192.80267333984375,-45.89476776123047,-0.022137947380542755,3.018447452082528
1934316,0,192.8032989501953,-45.81774139404297,-0.022139091044664383,3.1019400471820413
1934317,0,192.80392456054688,-45.7386360168457,-0.022140121087431908,3.1853245835461386
1934318,0,192.8045654296875,-45.65744400024414,-0.022140922024846077,3.268544924383395
1934319,0,192.80520629882812,-45.57417297363281,-0.022141456604003906,3.3515599870666883
1934320,0,192.805908203125,-45.48883056640625,-0.02214176207780838,3.4343285016919025
1934321,0,192.80661010742188,-45.401424407958984,-0.02214176207780838,3.5168179213948814
1934322,0,192.80735778808594,-45.31196594238281,-0.022141341120004654,3.599002277513581
1934323,0,192.80812072753906,-45.220458984375,-0.022140808403491974,3.68085909885182
1934324,0,192.8089141845703,-45.12691879272461,-0.022139891982078552,3.762370807098847
1934325,0,192.80970764160156,-45.031341552734375,-0.022138748317956924,3.843521488869234
1934326,0,192.810546875,-44.933738708496094,-0.022137373685836792,3.9242989755280844
1934327,0,192.81138610839844,-44.83412551879883,-0.022135695442557335,4.004695389434506
1934328,0,192.81224060058594,-44.732513427734375,-0.022133750841021538,4.084700978185436
1934329,0,192.81314086914062,-44.62891387939453,-0.022131767123937607,4.164308279655943
1934330,0,192.81405639648438,-44.52332305908203,-0.0221293643116951,4.24351229860884
1934331,0,192.81500244140625,-44.4157600402832,-0.022126883268356323,4.322300246135378
1934332,0,192.81597900390625,-44.306243896484375,-0.022124214097857475,4.400684751834976
1934333,0,192.8169708251953,-44.19477081298828,-0.022121353074908257,4.478652463547494
1934334,0,192.81797790527344,-44.08135986328125,-0.022118492051959038,4.556200530250413
1934335,0,192.8190460205078,-43.96601486206055,-0.022115401923656464,4.633329684182656
1934336,0,192.8201141357422,-43.8487548828125,-0.022112198173999786,4.7100440001436015
1934337,0,192.82118225097656,-43.72957992553711,-0.02210899256169796,4.786336324320065
1934338,0,192.822265625,-43.60850143432617,-0.02210567332804203,4.862207799204334
1934339,0,192.8233184814453,-43.48553466796875,-0.022102316841483116,4.937663336288026
1934340,0,192.82437133789062,-43.36069869995117,-0.022098731249570847,5.01269721253423
1934341,0,192.825439453125,-43.233978271484375,-0.021840743720531464,5.087550628577366
1934342,0,192.8264923095703,-43.105403900146484,-0.021688461303710938,5.161812835149534
1934343,0,192.8275604248047,-42.974979400634766,-0.02160526253283024,5.235665736600949
1934344,0,192.82858276367188,-42.84272003173828,-0.021566009148955345,5.309100055626163
1934345,0,192.82965087890625,-42.7086181640625,-0.021554183214902878,5.382652317626328
1934346,0,192.83065795898438,-42.57436752319336,-0.02152225375175476,5.37533086312413
1934347,0,192.83168029785156,-42.44016647338867,-0.02147899568080902,5.371443012605464
1934348,0,192.83267211914062,-42.30601501464844,-0.02143295295536518,5.368643075329575
1934349,0,192.8336639404297,-42.171913146972656,-0.02138843573629856,5.366260736039712
1934350,0,192.8346710205078,-42.03785705566406,-0.021347427740693092,5.364059789826164
1934351,0,192.8356475830078,-41.90384292602539,-0.021310843527317047,5.361938684163692
1934352,0,192.83657836914062,-41.76988220214844,-0.021278610453009605,5.359855010824826
1934353,0,192.83749389648438,-41.63596725463867,-0.021250342950224876,5.357787619898807
1934354,0,192.83840942382812,-41.50209426879883,-0.02122604288160801,5.355726855069184
1934355,0,192.8393096923828,-41.3682746887207,-0.021204985678195953,5.353663864422435
1934356,0,192.8401641845703,-41.2344970703125,-0.02118675224483013,5.351612255913688
1934357,0,192.8410186767578,-41.10076904296875,-0.021170997992157936,5.34955976287555
1934358,0,192.84182739257812,-40.96709060668945,-0.02115737833082676,5.347512126307213
1934359,0,192.8426513671875,-40.833457946777344,-0.021145781502127647,5.345464779122757
1934360,0,192.8434295654297,-40.69987487792969,-0.021135712042450905,5.343416602444617
1934361,0,192.84417724609375,-40.56633758544922,-0.021126937121152878,5.341369619606907
1934362,0,192.8449249267578,-40.43285369873047,-0.021119384095072746,5.339322809083644
1934363,0,192.84567260742188,-40.29942321777344,-0.021112937480211258,5.337276015519823
1934364,0,192.84642028808594,-40.166038513183594,-0.021107252687215805,5.335228135591949
1934365,0,192.84719848632812,-40.0327033996582,-0.021102409809827805,5.3331867868104075
1934366,0,192.8479766845703,-39.89863967895508,-0.021117324009537697,5.392574448321679
1934367,0,192.84878540039062,-39.7616081237793,-0.021185722202062607,5.507592427414677
1934368,0,192.849609375,-39.62177276611328,-0.02127513848245144,5.617972203523473
1934369,0,192.8504638671875,-39.47925567626953,-0.02136840857565403,5.724364557653122
1934370,0,192.85137939453125,-39.33414840698242,-0.02145645022392273,5.827139597727378
1934371,0,192.8523406982422,-39.18653869628906,-0.02153499610722065,5.926630951042832
1934372,0,192.8533477783203,-39.03650665283203,-0.021602820605039597,6.023141205703635
1934373,0,192.85438537597656,-38.884124755859375,-0.021659698337316513,6.116949836872783
1934374,0,192.85548400878906,-38.729454040527344,-0.021706275641918182,6.2083098920958335
1934375,0,192.85659790039062,-38.57254409790039,-0.02174404077231884,6.297451376024165
1934376,0,192.85777282714844,-38.4134521484375,-0.021773720160126686,6.384580412945476
1934377,0,192.85897827148438,-38.252220153808594,-0.021796608343720436,6.4698920272722225
1934378,0,192.86021423339844,-38.088890075683594,-0.02181404083967209,6.553541949997097
1934379,0,192.8615264892578,-37.92350769042969,-0.02182662859559059,6.635673605329896
1934380,0,192.8628692626953,-37.75609588623047,-0.02183540351688862,6.716464869543839
1934381,0,192.86427307128906,-37.586692810058594,-0.0218408964574337,6.796006235968624
1934382,0,192.86575317382812,-37.41532897949219,-0.021843833848834038,6.8744088512894335
1934383,0,192.86729431152344,-37.24202346801758,-0.02184474840760231,6.951764799924264
1934384,0,192.86888122558594,-37.06679916381836,-0.02184402383863926,7.028161588100135
1934385,0,192.87054443359375,-36.88969039916992,-0.02184204012155533,7.103678618783166
1934386,0,192.8722381591797,-36.7107048034668,-0.021838989108800888,7.178386171526192
1934387,0,192.8739776611328,-36.529869079589844,-0.0218353271484375,7.252336741468585
1934388,0,192.8757781982422,-36.347198486328125,-0.021831054240465164,7.325594635872095
1934389,0,192.8776397705078,-36.1627082824707,-0.02182643860578537,7.398199386478543
1934390,0,192.87950134277344,-35.97642135620117,-0.021821478381752968,7.4701733208634975
1934391,0,192.88145446777344,-35.78833770751953,-0.021816406399011612,7.541588667124534
1934392,0,192.88343811035156,-35.598487854003906,-0.021811064332723618,7.612135035872965
1934393,0,192.88539123535156,-35.40690994262695,-0.021805191412568092,7.680970174601302
1934394,0,192.88731384277344,-35.21363830566406,-0.02179843932390213,7.748079462982495
1934395,0,192.88922119140625,-35.01875305175781,-0.02178989350795746,7.811694480053281
1934396,0,192.8910675048828,-34.822349548339844,-0.021778831258416176,7.871510995747858
1934397,0,192.8928985595703,-34.6245231628418,-0.021765287965536118,7.927452276768934
1934398,0,192.8946990966797,-34.42538833618164,-0.021748656406998634,7.979068570953673
1934399,0,192.89645385742188,-34.22502899169922,-0.02172924019396305,8.026781644705984
1934400,0,192.89822387695312,-34.02358627319336,-0.021706733852624893,8.06878687764551
1934401,0,192.89996337890625,-33.82121276855469,-0.021680602803826332,8.104690954824427
1934402,0,192.90167236328125,-33.6180534362793,-0.021650923416018486,8.13474129742939
1934403,0,192.90338134765625,-33.41425323486328,-0.021618042141199112,8.159120233052732
1934404,0,192.9050750732422,-33.2099494934082,-0.02158229798078537,8.177986897924129
1934405,0,192.90675354003906,-33.00527572631836,-0.021544264629483223,8.191475700830168
1934406,0,192.908447265625,-32.80036544799805,-0.021504325792193413,8.199709589207261
1934407,0,192.9101104736328,-32.59534454345703,-0.021462898701429367,8.202780585812242
1934408,0,192.91177368164062,-32.39034652709961,-0.021420326083898544,8.200817061018766
1934409,0,192.91346740722656,-32.18548583984375,-0.02137702889740467,8.194087716521738
1934410,0,192.9152374267578,-31.98088264465332,-0.021333426237106323,8.182852854105601
1934411,0,192.91705322265625,-31.77663803100586,-0.02128959633409977,8.167361882597813
1934412,0,192.91896057128906,-31.57285499572754,-0.021246185526251793,8.147872831709087
1934413,0,192.92095947265625,-31.36968231201172,-0.021202201023697853,8.120917292121455
1934414,0,192.92306518554688,-31.16755485534668,-0.021150778979063034,8.074104636293379
1934415,0,192.92529296875,-30.96698570251465,-0.021087799221277237,8.007288350727661
1934416,0,192.92762756347656,-30.768470764160156,-0.021012037992477417,7.920714803309826
1934417,0,192.93011474609375,-30.572500228881836,-0.020923156291246414,7.81452080246443
1934418,0,192.93270874023438,-30.37946128845215,-0.020824698731303215,7.696609549612362
1934419,0,192.93544006347656,-30.189098358154297,-0.020732764154672623,7.593465775974874
1934420,0,192.93829345703125,-30.00096893310547,-0.02065860666334629,7.5083666375979465
1934421,0,192.9412841796875,-29.81463050842285,-0.02060699462890625,7.438698075820661
1934422,0,192.94439697265625,-29.630001068115234,-0.020571593195199966,7.3702784665851215
1934423,0,192.9476318359375,-29.44710350036621,-0.020546264946460724,7.299251821733477
1934424,0,192.9509735107422,-29.266237258911133,-0.02052101120352745,7.214669765041917
1934425,0,192.95437622070312,-29.087646484375,-0.020492667332291603,7.124457916230091
1934426,0,192.95782470703125,-28.91096305847168,-0.020472105592489243,7.051605060211612
1934427,0,192.96136474609375,-28.736083984375,-0.020458411425352097,6.977917629372304
1934428,0,192.96490478515625,-28.56317901611328,-0.020445937290787697,6.900037578259634
1934429,0,192.9684295654297,-28.392038345336914,-0.02043895609676838,6.829885674265974
1934430,0,192.971923828125,-28.222633361816406,-0.020435791462659836,6.760481087812693
1934431,0,192.975341796875,-28.05499267578125,-0.020434187725186348,6.688185434987283
1934432,0,192.97866821289062,-27.88941192626953,-0.02042694017291069,6.602510181637265
1934433,0,192.98187255859375,-27.726247787475586,-0.020409926772117615,6.502559774606829
1934434,0,192.98495483398438,-27.565868377685547,-0.020380668342113495,6.38739858126538
1934435,0,192.9879608154297,-27.408681869506836,-0.020338324829936028,6.256168963094789
1934436,0,192.99081420898438,-27.25542449951172,-0.02027561143040657,6.0900747300096505
1934437,0,192.9935760498047,-27.10689926147461,-0.020189208909869194,5.89378101964601
1934438,0,192.99620056152344,-26.963558197021484,-0.02008647844195366,5.685943618041085
1934439,0,192.9987335205078,-26.82541275024414,-0.019980773329734802,5.478181436571869
1934440,0,193.00112915039062,-26.692453384399414,-0.019879760220646858,5.270451725255231
1934441,0,193.00344848632812,-26.564682006835938,-0.01978706382215023,5.062780175294519
1934442,0,193.00567626953125,-26.442073822021484,-0.019831810146570206,4.856171263435562
1934443,0,193.00784301757812,-26.324636459350586,-0.019943008199334145,4.648520190823666
1934444,0,193.0099639892578,-26.212032318115234,-0.019999541342258453,4.46333989188671
1934445,0,193.01202392578125,-26.103063583374023,-0.020040778443217278,4.330445429915701
1934446,0,193.0140838623047,-25.996381759643555,-0.02009277231991291,4.250814589720929
1934447,0,193.01614379882812,-25.890668869018555,-0.02017051726579666,4.223546281896675
1934448,0,193.0182342529297,-25.78504753112793,-0.020272444933652878,4.221749830103081
1934449,0,193.02037048339844,-25.67945671081543,-0.020384063944220543,4.220138530854721
1934450,0,193.02252197265625,-25.573904037475586,-0.0204953383654356,4.218548648272081
1934451,0,193.024658203125,-25.46839141845703,-0.02060096710920334,4.216961740832053
1934452,0,193.02685546875,-25.36292839050293,-0.020697936415672302,4.215227650144513
1934453,0,193.029052734375,-25.257516860961914,-0.02078506350517273,4.213520990345505
1934454,0,193.03128051757812,-25.152156829833984,-0.0208621583878994,4.211865795508044
1934455,0,193.0336151123047,-25.04684829711914,-0.020929794758558273,4.210340885957337
1934456,0,193.0359649658203,-24.943439483642578,-0.02095138467848301,4.103976477754862
1934457,0,193.03829956054688,-24.843204498291016,-0.02092723734676838,3.980376651884173
1934458,0,193.0406036376953,-24.74590301513672,-0.02088184282183647,3.866366037934145
1934459,0,193.0428924560547,-24.65125846862793,-0.020830955356359482,3.763018622423587
1934460,0,193.04515075683594,-24.558961868286133,-0.020784683525562286,3.6722501439343507
1934461,0,193.04736328125,-24.468708038330078,-0.020748786628246307,3.5929081915000376
1934462,0,193.04954528808594,-24.38028335571289,-0.020723991096019745,3.521261245669269
1934463,0,193.0517120361328,-24.293495178222656,-0.020710676908493042,3.4573238549915035
1934464,0,193.05384826660156,-24.208139419555664,-0.020708197727799416,3.4020328587542004
1934465,0,193.05593872070312,-24.12395477294922,-0.020716896280646324,3.3578763931097195
1934466,0,193.0579833984375,-24.040607452392578,-0.02073787711560726,3.3274360453910004
1934467,0,193.0600128173828,-23.957714080810547,-0.020771751180291176,3.312998006711485
1934468,0,193.06204223632812,-23.874868392944336,-0.020818786695599556,3.314578913609759
1934469,0,193.06405639648438,-23.791723251342773,-0.0208774171769619,3.329290079980121
1934470,0,193.0660858154297,-23.70800018310547,-0.0209447480738163,3.3545276538962177
1934471,0,193.06809997558594,-23.62347412109375,-0.02101818099617958,3.3886876132684995
1934472,0,193.07012939453125,-23.537948608398438,-0.021095046773552895,3.430199008387346
1934473,0,193.0721893310547,-23.451271057128906,-0.02117301896214485,3.4777777822985354
1934474,0,193.07424926757812,-23.363309860229492,-0.021250419318675995,3.530368993910603
1934475,0,193.07630920410156,-23.273954391479492,-0.021325530484318733,3.587073075463572
1934476,0,193.07835388183594,-23.183122634887695,-0.021397514268755913,3.6471792610162126
1934477,0,193.08038330078125,-23.090734481811523,-0.021465377882122993,3.7100521695723696
1934478,0,193.0823974609375,-22.996734619140625,-0.021528853103518486,3.7751762328534153
1934479,0,193.0843963623047,-22.90107536315918,-0.021587448194622993,3.842158763607589
1934480,0,193.08636474609375,-22.803714752197266,-0.021641425788402557,3.9106520318833495
1934481,0,193.08831787109375,-22.70462417602539,-0.021690597757697105,3.980392328731084
1934482,0,193.09022521972656,-22.60377311706543,-0.02173507586121559,4.05113194966648
1934483,0,193.0921173095703,-22.50113868713379,-0.02177501656115055,4.122674467330642
1934484,0,193.093994140625,-22.39670753479004,-0.021810874342918396,4.19479355876532
1934485,0,193.09585571289062,-22.290468215942383,-0.021842993795871735,4.267414605708759
1934486,0,193.09768676757812,-22.18240737915039,-0.021871298551559448,4.34034791429807
1934487,0,193.09947204589844,-22.072519302368164,-0.021896246820688248,4.413611366454502
1934488,0,193.10122680664062,-21.960800170898438,-0.021918296813964844,4.4870050508419626
1934489,0,193.1029052734375,-21.84724235534668,-0.02193763665854931,4.560559244781621
1934490,0,193.10452270507812,-21.731849670410156,-0.021954268217086792,4.634083131956407
1934491,0,193.10606384277344,-21.6146183013916,-0.02196880243718624,4.707539019304409
1934492,0,193.1074981689453,-21.49555206298828,-0.021981429308652878,4.781033769881314
1934493,0,193.10882568359375,-21.374650955200195,-0.021992111578583717,4.854383636383168
1934494,0,193.11000061035156,-21.25191307067871,-0.022001342847943306,4.927713360952363
1934495,0,193.1110382080078,-21.127347946166992,-0.02200920134782791,5.000758578581536
1934496,0,193.11195373535156,-21.000957489013672,-0.021762732416391373,5.073811013141602
1934497,0,193.11273193359375,-20.872745513916016,-0.021620025858283043,5.146530903798012
1934498,0,193.11337280273438,-20.742721557617188,-0.021544799208641052,5.219028504415808
1934499,0,193.11386108398438,-20.61088752746582,-0.021512260660529137,5.291273869619344
1934500,0,193.1142120361328,-20.477258682250977,-0.021506309509277344,5.3632305376149745
1934501,0,193.1144256591797,-20.34183120727539,-0.021515998989343643,5.434878603989501
1934502,0,193.11453247070312,-20.204620361328125,-0.02153392694890499,5.506205568173451
1934503,0,193.11448669433594,-20.06563377380371,-0.021555671468377113,5.57718773280322
1934504,0,193.11434936523438,-19.924880981445312,-0.021578673273324966,5.647845647809836
1934505,0,193.1140594482422,-19.782365798950195,-0.021600836887955666,5.71817964614254
1934506,0,193.11363220214844,-19.638099670410156,-0.021621551364660263,5.788187793978669
1934507,0,193.11306762695312,-19.492090225219727,-0.02164001390337944,5.857884135791727
1934508,0,193.11231994628906,-19.344345092773438,-0.02165626548230648,5.927220471540601
1934509,0,193.11141967773438,-19.194873809814453,-0.021670149639248848,5.996198913907147
1934510,0,193.11044311523438,-19.043685913085938,-0.021681899204850197,6.064815833386944
1934511,0,193.10934448242188,-18.890790939331055,-0.02169162780046463,6.133067590825557
1934512,0,193.108154296875,-18.73619842529297,-0.02169959992170334,6.200945095334312
1934513,0,193.1068878173828,-18.57991600036621,-0.02170597016811371,6.268470097518458
1934514,0,193.1055450439453,-18.421953201293945,-0.021710852161049843,6.335609322627522
1934515,0,193.10414123535156,-18.262319564819336,-0.021714553236961365,6.402382205269834
1934516,0,193.1027069091797,-18.101505279541016,-0.021705282852053642,6.430334556063341
1934517,0,193.1012725830078,-17.94080352783203,-0.021664390340447426,6.428922846116985
1934518,0,193.09983825683594,-17.780174255371094,-0.02160957269370556,6.426587312296661
1934519,0,193.09841918945312,-17.619613647460938,-0.021550636738538742,6.4240631555325285
1934520,0,193.0970001220703,-17.45911407470703,-0.021492958068847656,6.421524744313559
1934521,0,193.09564208984375,-17.298673629760742,-0.0214392077177763,6.419034247501933
1934522,0,193.09434509277344,-17.138288497924805,-0.02139049395918846,6.4165120038093555
1934523,0,193.0931396484375,-16.97796630859375,-0.021347083151340485,6.413999555295487
1934524,0,193.09201049804688,-16.817699432373047,-0.02130897529423237,6.411442877659653
1934525,0,193.0909881591797,-16.657489776611328,-0.021275633946061134,6.408932243703871
1934526,0,193.09007263183594,-16.49734115600586,-0.021246833726763725,6.406332953145656
1934527,0,193.0892791748047,-16.337255477905273,-0.021221846342086792,6.40375569911772
1934528,0,193.08865356445312,-16.177228927612305,-0.021200180053710938,6.401090626425412
1934529,0,193.08819580078125,-16.01726722717285,-0.021181678399443626,6.3985900797933715
1934530,0,193.08795166015625,-15.85736083984375,-0.02116573229432106,6.396138339265364
1934531,0,193.08790588378906,-15.69751262664795,-0.021152114495635033,6.393688477791394
1934532,0,193.0880584716797,-15.537728309631348,-0.021140441298484802,6.391201283057528
1934533,0,193.08840942382812,-15.378002166748047,-0.02113056182861328,6.388702207168477
1934534,0,193.08897399902344,-15.218337059020996,-0.021121863275766373,6.386268306513111
1934535,0,193.0896759033203,-15.058735847473145,-0.021114502102136612,6.383717557618649
1934536,0,193.090576171875,-14.899197578430176,-0.021108169108629227,6.381205235233885
1934537,0,193.0916748046875,-14.737483978271484,-0.0211520753800869,6.495950309592309
1934538,0,193.0929412841797,-14.572932243347168,-0.021231498569250107,6.607307215604802
1934539,0,193.09445190429688,-14.405662536621094,-0.02132255584001541,6.714646517823778
1934540,0,193.09616088867188,-14.235783576965332,-0.021412696689367294,6.818272992974126
1934541,0,193.09808349609375,-14.063385963439941,-0.021495284512639046,6.918505810233312
1934542,0,193.1001739501953,-13.888551712036133,-0.021567802876234055,7.015580457150902
1934543,0,193.1024169921875,-13.711356163024902,-0.021629486232995987,7.109820270484153
1934544,0,193.10484313964844,-13.531864166259766,-0.021680526435375214,7.201435186527212
1934545,0,193.10743713378906,-13.35013484954834,-0.021722258999943733,7.290631490829637
1934546,0,193.11016845703125,-13.166230201721191,-0.021755371242761612,7.377484482358717
1934547,0,193.1130828857422,-12.980216026306152,-0.02178066223859787,7.4614647489236
1934548,0,193.1161651611328,-12.792181968688965,-0.021798590198159218,7.541429821974407
1934549,0,193.11944580078125,-12.602261543273926,-0.021808890625834465,7.61586516254059
1934550,0,193.12286376953125,-12.410611152648926,-0.021811217069625854,7.68375002590256
1934551,0,193.12648010253906,-12.217391014099121,-0.02180580049753189,7.745153417955251
1934552,0,193.13018798828125,-12.022793769836426,-0.02179260179400444,7.798529191081266
1934553,0,193.13406372070312,-11.827043533325195,-0.02177123911678791,7.842640457386421
1934554,0,193.13804626464844,-11.630376815795898,-0.02174179069697857,7.877312722289338
1934555,0,193.14208984375,-11.433013916015625,-0.021704979240894318,7.90340533343198
1934556,0,193.1461639404297,-11.235151290893555,-0.021662216633558273,7.9216220763371386
1934557,0,193.1502685546875,-11.03697395324707,-0.0216147992759943,7.932649114565373
1934558,0,193.15435791015625,-10.838642120361328,-0.021564215421676636,7.937534747338009
1934559,0,193.1584014892578,-10.64026927947998,-0.021512337028980255,7.938214288882054
1934560,0,193.1623992919922,-10.441925048828125,-0.021461447700858116,7.936488424608092
1934561,0,193.16636657714844,-10.243661880493164,-0.021412581205368042,7.932604671655337
1934562,0,193.17027282714844,-10.045515060424805,-0.021366804838180542,7.92757440409086
1934563,0,193.1741485595703,-9.84751033782959,-0.021324805915355682,7.921385276663542
1934564,0,193.17796325683594,-9.649672508239746,-0.0212866198271513,7.914574406496178
1934565,0,193.18174743652344,-9.451988220214844,-0.021252669394016266,7.90824260300392
1934566,0,193.18548583984375,-9.254473686218262,-0.02122272364795208,7.901270457458594
1934567,0,193.18917846679688,-9.057123184204102,-0.02119651809334755,7.894525701364247
1934568,0,193.19284057617188,-8.85994815826416,-0.02117355354130268,7.887198105724824
1934569,0,193.19650268554688,-8.662962913513184,-0.02115325815975666,7.879602662317592
1934570,0,193.2000732421875,-8.466144561767578,-0.021135978400707245,7.872836119884693
1934571,0,193.20358276367188,-8.269498825073242,-0.021121177822351456,7.865840197695562
1934572,0,193.20704650878906,-8.073028564453125,-0.02110828272998333,7.858636162622108
1934573,0,193.21041870117188,-7.876733779907227,-0.02109725959599018,7.851578610464591
1934574,0,193.2137451171875,-7.680605888366699,-0.021088065579533577,7.84500327362558
1934575,0,193.21702575683594,-7.484588623046875,-0.021081389859318733,7.841175428262709
1934576,0,193.22023010253906,-7.288618564605713,-0.021077880635857582,7.839883351138072
1934577,0,193.223388671875,-7.092607498168945,-0.021078186109662056,7.84227461963951
1934578,0,193.22650146484375,-6.896473407745361,-0.021082038059830666,7.847727461556245
1934579,0,193.22958374023438,-6.700155258178711,-0.021088790148496628,7.855621187712594
1934580,0,193.23263549804688,-6.503578186035156,-0.02109832689166069,7.866743671935616
1934581,0,193.2356414794922,-6.306665420532227,-0.02111053466796875,7.8804763319505255
1934582,0,193.2386474609375,-6.109399795532227,-0.02112354151904583,7.894795847880076
1934583,0,193.2416534423828,-5.911749362945557,-0.021137084811925888,7.910519595656603
1934584,0,193.24464416503906,-5.71368932723999,-0.021150626242160797,7.92683071717585
1934585,0,193.2476348876953,-5.51524543762207,-0.02116287127137184,7.942120137010823
1934586,0,193.25062561035156,-5.316417217254639,-0.021173667162656784,7.957463710211525
1934587,0,193.25364685058594,-5.117215156555176,-0.02118324302136898,7.972524739426247
1934588,0,193.25665283203125,-4.917612552642822,-0.021191786974668503,7.989042151880901
1934589,0,193.25970458984375,-4.7175493240356445,-0.02120075188577175,8.007877841238273
1934590,0,193.26272583007812,-4.51702880859375,-0.02120944857597351,8.025885359085184
1934591,0,193.26576232910156,-4.316095352172852,-0.02121635340154171,8.041715497485917
1934592,0,193.26876831054688,-4.114858150482178,-0.021219749003648758,8.05256471310383
1934593,0,193.27169799804688,-3.913477897644043,-0.021217651665210724,8.056810767615772
1934594,0,193.27456665039062,-3.712103843688965,-0.02120952494442463,8.055262971569807
1934595,0,193.27731323242188,-3.5108728408813477,-0.02119605988264084,8.048554163008264
1934596,0,193.2799835205078,-3.309845447540283,-0.02117919921875,8.040222548650101
1934597,0,193.2825164794922,-3.108921527862549,-0.021163787692785263,8.037276905730744
1934598,0,193.28494262695312,-2.9080746173858643,-0.021150320768356323,8.034097135759842
1934599,0,193.28724670410156,-2.707304000854492,-0.02113872393965721,8.030930127511814
1934600,0,193.28941345214844,-2.506610155105591,-0.021128768101334572,8.02775884680599
1934601,0,193.29147338867188,-2.3059933185577393,-0.021120261400938034,8.024579251218203
1934602,0,193.29347229003906,-2.1054539680480957,-0.02111286111176014,8.021409448506756
1934603,0,193.2953643798828,-1.9049924612045288,-0.02110649086534977,8.01823918980349
1934604,0,193.2971954345703,-1.7046090364456177,-0.021101035177707672,8.01506008117096
1934605,0,193.29898071289062,-1.5043035745620728,-0.021096382290124893,8.011892233046268
1934606,0,193.3007049560547,-1.3040761947631836,-0.02109241485595703,8.008724141024713
1934607,0,193.30235290527344,-1.103927493095398,-0.021089019253849983,8.005547427484066
1934608,0,193.30398559570312,-0.9038572311401367,-0.02108612097799778,8.00237841477194
1934609,0,193.3055877685547,-0.7038665413856506,-0.021083679050207138,7.999150303673404
1934610,0,193.30714416503906,-0.5039554834365845,-0.02108146622776985,7.995968432555243
1934611,0,193.30873107910156,-0.3041233420372009,-0.021079672500491142,7.992798765449989
1934612,0,193.31036376953125,-0.10437057167291641,-0.021078070625662804,7.98963060164753
1934613,0,193.31204223632812,0.09530285000801086,-0.02107677422463894,7.986464650390889
1934614,0,193.31378173828125,0.29489684104919434,-0.021075554192066193,7.983308132442533
1934615,0,193.3156280517578,0.4944112300872803,-0.021074561402201653,7.98013769853526
1934616,0,193.31752014160156,0.6938459873199463,-0.021073684096336365,7.976976433468921
1934617,0,193.3195037841797,0.8934503197669983,-0.02107910066843033,7.993388755433595
1934618,0,193.3215789794922,1.0940115451812744,-0.021103134378790855,8.03192876229698
1934619,0,193.32379150390625,1.2955970764160156,-0.021137084811925888,8.073301235455817
1934620,0,193.32614135742188,1.4982653856277466,-0.021175650879740715,8.117110126572584
1934621,0,193.32862854003906,1.702067494392395,-0.021215438842773438,8.162984243356881
1934622,0,193.3312225341797,1.9070475101470947,-0.02125469222664833,8.210599687442166
1934623,0,193.3339385986328,2.1132431030273438,-0.02129230462014675,8.259684833022652
1934624,0,193.3367919921875,2.3206818103790283,-0.02132755145430565,8.309710824420641
1934625,0,193.33970642089844,2.5293707847595215,-0.021359557285904884,8.359951695125883
1934626,0,193.34271240234375,2.7393205165863037,-0.021388625726103783,8.410482182827435
1934627,0,193.34576416015625,2.950495481491089,-0.02141345851123333,8.459138018385262
1934628,0,193.3488311767578,3.1628496646881104,-0.021433791145682335,8.50593978097275
1934629,0,193.35186767578125,3.376319169998169,-0.021449394524097443,8.54988737721537
1934630,0,193.35487365722656,3.5908074378967285,-0.02145950309932232,8.589782770846272
1934631,0,193.35784912109375,3.8062145709991455,-0.021464118734002113,8.625632921086435
1934632,0,193.3607635498047,4.022429943084717,-0.02146308869123459,8.65697467641006
1934633,0,193.36358642578125,4.239346981048584,-0.021457061171531677,8.68417535060352
1934634,0,193.36634826660156,4.456869125366211,-0.021446723490953445,8.707413922054299
1934635,0,193.36903381347656,4.674881458282471,-0.021432189270853996,8.726048515463745
1934636,0,193.37167358398438,4.893290996551514,-0.02141437493264675,8.741178144933846
1934637,0,193.3742218017578,5.112017631530762,-0.02139400504529476,8.753022417140771
1934638,0,193.37669372558594,5.3309783935546875,-0.021371878683567047,8.761760123659407
1934639,0,193.37911987304688,5.55012321472168,-0.021348990499973297,8.76872855076548
1934640,0,193.38148498535156,5.769421100616455,-0.021326370537281036,8.774595422483157
1934641,0,193.3837890625,5.988859176635742,-0.02130477875471115,8.780137499547838
1934642,0,193.3860626220703,6.208452224731445,-0.021285323426127434,8.786389399844134
1934643,0,193.3883819580078,6.428212642669678,-0.021268349140882492,8.793207648808746
1934644,0,193.39068603515625,6.648159027099609,-0.0212540440261364,8.80073302290849
1934645,0,193.39300537109375,6.868305683135986,-0.02124221809208393,8.808762796557692
1934646,0,193.3953857421875,7.088657855987549,-0.02123252861201763,8.816984013233055
1934647,0,193.3978271484375,7.3092169761657715,-0.021224327385425568,8.825127213126407
1934648,0,193.4003448486328,7.5299577713012695,-0.021217001602053642,8.831988213510813
1934649,0,193.40296936035156,7.750827312469482,-0.021209221333265305,8.836648780710647
1934650,0,193.40565490722656,7.97176456451416,-0.02120075188577175,8.838755840693986
1934651,0,193.4084930419922,8.192708015441895,-0.02119068056344986,8.838683635867598
1934652,0,193.4114227294922,8.413630485534668,-0.02118000015616417,8.837714435079238
1934653,0,193.4144744873047,8.634511947631836,-0.021169167011976242,8.835853676883133
1934654,0,193.4176788330078,8.855313301086426,-0.02115810289978981,8.832386153976444
1934655,0,193.42103576660156,9.076003074645996,-0.02114669792354107,8.827751655904272
1934656,0,193.42453002929688,9.29655933380127,-0.021135367453098297,8.822327669954417
1934657,0,193.42819213867188,9.516963958740234,-0.021124495193362236,8.81619004273891
1934658,0,193.43194580078125,9.737214088439941,-0.021114157512784004,8.810180179329585
1934659,0,193.435791015625,9.957345008850098,-0.021105574443936348,8.805798681528124
1934660,0,193.4397430419922,10.17739486694336,-0.021099166944622993,8.803074793158846
1934661,0,193.4437713623047,10.397404670715332,-0.021095160394906998,8.80159406646877
1934662,0,193.44781494140625,10.617362022399902,-0.02109222300350666,8.799097771540772
1934663,0,193.45187377929688,10.837193489074707,-0.02108844742178917,8.79324772748766
1934664,0,193.45591735839844,11.056825637817383,-0.021082991734147072,8.784804914271932
1934665,0,193.45993041992188,11.276233673095703,-0.021076392382383347,8.775785631217243
1934666,0,193.46392822265625,11.495429039001465,-0.02106979303061962,8.76750064579845
1934667,0,193.46786499023438,11.714457511901855,-0.021064605563879013,8.761343508656276
1934668,0,193.47174072265625,11.93338680267334,-0.021061858162283897,8.75793185306429
1934669,0,193.47552490234375,12.152295112609863,-0.021062202751636505,8.757845352300988
1934670,0,193.47923278808594,12.371274948120117,-0.021066054701805115,8.761595610478123
1934671,0,193.48291015625,12.59042739868164,-0.021073684096336365,8.769159099627823
1934672,0,193.4864959716797,12.809837341308594,-0.021084709092974663,8.780276330227341
1934673,0,193.489990234375,13.029585838317871,-0.021098479628562927,8.794230544812903
1934674,0,193.493408203125,13.249727249145508,-0.02111412025988102,8.810307097178217
1934675,0,193.4967803955078,13.470294952392578,-0.021130599081516266,8.827574485749974
1934676,0,193.50003051757812,13.69131088256836,-0.02114696428179741,8.84567790653536
1934677,0,193.50323486328125,13.912800788879395,-0.021162986755371094,8.864802318480319
1934678,0,193.50634765625,14.134780883789062,-0.021178169175982475,8.884532071681658
1934679,0,193.50936889648438,14.357266426086426,-0.02119247429072857,8.904894685253314
1934680,0,193.51231384277344,14.58027172088623,-0.021205786615610123,8.92584240524884
1934681,0,193.51515197753906,14.803812980651855,-0.021218299865722656,8.947381309394018
1934682,0,193.5178985595703,15.027902603149414,-0.021229704841971397,8.969414833578938
1934683,0,193.52056884765625,15.25255298614502,-0.021240463480353355,8.991930082823274
1934684,0,193.52308654785156,15.47776985168457,-0.02125019021332264,9.014473079827425
1934685,0,193.5254669189453,15.703532218933105,-0.021258391439914703,9.036060789112701
1934686,0,193.52761840820312,15.929816246032715,-0.021265029907226562,9.056579193726147
1934687,0,193.529541015625,16.156587600708008,-0.021269530057907104,9.075687963781611
1934688,0,193.53118896484375,16.38380241394043,-0.021271781995892525,9.092947594809107
1934689,0,193.532470703125,16.61139678955078,-0.021271437406539917,9.107135246524207
1934690,0,193.5334014892578,16.839256286621094,-0.02126716636121273,9.1166313703302
1934691,0,193.5338897705078,17.06728172302246,-0.02125907875597477,9.12229840395328
1934692,0,193.533935546875,17.29535675048828,-0.021247215569019318,9.123362650262056
1934693,0,193.5335235595703,17.52337646484375,-0.021231574937701225,9.120361226467239
1934694,0,193.53268432617188,17.751272201538086,-0.021213531494140625,9.114823765205387
1934695,0,193.53147888183594,17.978984832763672,-0.021194037050008774,9.107217202558905
1934696,0,193.52992248535156,18.206464767456055,-0.021173706278204918,9.097537491693323
1934697,0,193.52806091308594,18.433679580688477,-0.021153563633561134,9.086669948206946
1934698,0,193.52590942382812,18.660594940185547,-0.021133841946721077,9.074582214480309
1934699,0,193.5235137939453,18.887184143066406,-0.021114731207489967,9.061175468860204
1934700,0,193.5208740234375,19.11341094970703,-0.02109645865857601,9.046635961959666
1934701,0,193.51803588867188,19.339269638061523,-0.021079521626234055,9.03199766030142
1934702,0,193.5150604248047,19.564794540405273,-0.021064911037683487,9.01923091080105
1934703,0,193.511962890625,19.79006004333496,-0.021054038777947426,9.009618470435454
1934704,0,193.5087890625,20.0151309967041,-0.021046867594122887,9.002227526715334
1934705,0,193.50550842285156,20.24005889892578,-0.021043282002210617,8.997108549860744
1934706,0,193.50216674804688,20.46491050720215,-0.021043013781309128,8.994554348524236
1934707,0,193.498779296875,20.689748764038086,-0.021046103909611702,8.994653486178636
1934708,0,193.49539184570312,20.914640426635742,-0.021051865071058273,8.997273032791519
1934709,0,193.49197387695312,21.139638900756836,-0.021059950813651085,9.001971484182006
1934710,0,193.4885711669922,21.364788055419922,-0.021069640293717384,9.008373191397904
1934711,0,193.48513793945312,21.590126037597656,-0.02108054980635643,9.016226367829326
1934712,0,193.4817352294922,21.81568145751953,-0.02109203301370144,9.025119150022734
1934713,0,193.4783477783203,22.041471481323242,-0.021103667095303535,9.034826367538724
1934714,0,193.4749755859375,22.267513275146484,-0.021114882081747055,9.04475596900207
1934715,0,193.47164916992188,22.493785858154297,-0.021124839782714844,9.053717288610157
1934716,0,193.46835327148438,22.72024917602539,-0.021132659167051315,9.06095806481476
1934717,0,193.46507263183594,22.94685935974121,-0.02113819122314453,9.066588328121615
1934718,0,193.46180725097656,23.173585891723633,-0.021141357719898224,9.07068735930191
1934719,0,193.45855712890625,23.400373458862305,-0.021142195910215378,9.072920384548398
1934720,0,193.4552459716797,23.627187728881836,-0.02114078402519226,9.073692672692546
1934721,0,193.45187377929688,23.85399627685547,-0.02113780938088894,9.073309922970774
1934722,0,193.4484100341797,24.080774307250977,-0.021133536472916603,9.071709749883665
1934723,0,193.44483947753906,24.307485580444336,-0.021128272637724876,9.06901068230602
1934724,0,193.44113159179688,24.53411865234375,-0.0211222842335701,9.066022948876459
1934725,0,193.437255859375,24.760684967041016,-0.021116828545928,9.063579771038357
1934726,0,193.43324279785156,24.987192153930664,-0.021111831068992615,9.061207497770477
1934727,0,193.42901611328125,25.213642120361328,-0.021107520908117294,9.059157419442787
1934728,0,193.42466735839844,25.440038681030273,-0.02110397256910801,9.057239761815238
1934729,0,193.420166015625,25.66639518737793,-0.02110111154615879,9.055964693083295
1934730,0,193.41552734375,25.892744064331055,-0.021099623292684555,9.055987168354353
1934731,0,193.41078186035156,26.119115829467773,-0.02109958603978157,9.05734980655808
1934732,0,193.4059600830078,26.34554672241211,-0.021100882440805435,9.059886901611039
1934733,0,193.4010772705078,26.572057723999023,-0.02110343798995018,9.063429016783125
1934734,0,193.39614868164062,26.79867172241211,-0.021106796339154243,9.067697211304568
1934735,0,193.39122009277344,27.025409698486328,-0.02111099287867546,9.072931630671448
1934736,0,193.3863067626953,27.25229835510254,-0.02111583575606346,9.079175131762533
1934737,0,193.38145446777344,27.4793701171875,-0.021121330559253693,9.086621280819259
1934738,0,193.37667846679688,27.70665168762207,-0.02112758532166481,9.0953843607983
1934739,0,193.3719482421875,27.934173583984375,-0.021134529262781143,9.105068346497436
1934740,0,193.3673553466797,28.16196060180664,-0.021141814067959785,9.115599559517484
1934741,0,193.36285400390625,28.390026092529297,-0.02114921435713768,9.12705147755225
1934742,0,193.3584747314453,28.618391036987305,-0.02115692012012005,9.139049470565814
1934743,0,193.35423278808594,28.847055435180664,-0.021164093166589737,9.150786656502897
1934744,0,193.35018920898438,29.076005935668945,-0.021170347929000854,9.162091513463395
1934745,0,193.34634399414062,29.30524253845215,-0.021175727248191833,9.173372364799693
1934746,0,193.34271240234375,29.534759521484375,-0.02118038199841976,9.184417364390157
1934747,0,193.3392791748047,29.76454734802246,-0.02118396759033203,9.194957315887896
1934748,0,193.33604431152344,29.99458122253418,-0.021186523139476776,9.20456465366866
1934749,0,193.3329620361328,30.224838256835938,-0.021187590435147285,9.213019721325436
1934750,0,193.3300323486328,30.455278396606445,-0.021187324076890945,9.220006215650328
1934751,0,193.3272247314453,30.685871124267578,-0.021185530349612236,9.225863516997023
1934752,0,193.324462890625,30.916593551635742,-0.02118270844221115,9.230921385505685
1934753,0,193.3217315673828,31.147430419921875,-0.02117919921875,9.235299865176414
1934754,0,193.31900024414062,31.378360748291016,-0.02117488905787468,9.23877664539458
1934755,0,193.31622314453125,31.60936164855957,-0.02117004431784153,9.241538641225024
1934756,0,193.3133544921875,31.84041976928711,-0.02116493135690689,9.243653240284505
1934757,0,193.31036376953125,32.07152557373047,-0.021159857511520386,9.245609400291416
1934758,0,193.30728149414062,32.30268096923828,-0.021155012771487236,9.247693191962586
1934759,0,193.3040313720703,32.53388977050781,-0.021150702610611916,9.249934772891375
1934760,0,193.30067443847656,32.76515197753906,-0.02114707976579666,9.2523416219549
1934761,0,193.2971649169922,32.99647903442383,-0.02114391326904297,9.254901100784213
1934762,0,193.29356384277344,33.22787857055664,-0.021141624078154564,9.258040615564035
1934763,0,193.2898712158203,33.45936584472656,-0.02114005945622921,9.261634221826663
1934764,0,193.2861328125,33.690948486328125,-0.021139144897460938,9.26549509361702
1934765,0,193.28231811523438,33.922630310058594,-0.02113853394985199,9.269371349873051
1934766,0,193.27847290039062,34.15439224243164,-0.02113819122314453,9.272476624599486
1934767,0,193.2746124267578,34.38620376586914,-0.021136892959475517,9.274152354680904
1934768,0,193.2707061767578,34.6180419921875,-0.02113494835793972,9.27533992365514
1934769,0,193.2667999267578,34.84992599487305,-0.021132927387952805,9.277138864951652
1934770,0,193.2628936767578,35.08185577392578,-0.021131247282028198,9.279153249989697
1934771,0,193.25900268554688,35.313838958740234,-0.021129760891199112,9.28097575863418
1934772,0,193.2551727294922,35.54584884643555,-0.02112804353237152,9.281766439919148
1934773,0,193.25135803222656,35.777835845947266,-0.021125145256519318,9.280209721099643
1934774,0,193.24761962890625,36.009708404541016,-0.021119803190231323,9.274579848291427
1934775,0,193.24395751953125,36.241355895996094,-0.021111182868480682,9.264496663466932
1934776,0,193.2404022216797,36.47271728515625,-0.021100196987390518,9.253014199861063
1934777,0,193.23692321777344,36.70380783081055,-0.021089019253849983,9.24266612419512
1934778,0,193.23355102539062,36.93467330932617,-0.021078987047076225,9.233737327644597
1934779,0,193.230224609375,37.16534423828125,-0.021070899441838264,9.226081719897262
1934780,0,193.2269744873047,37.39583969116211,-0.021064871922135353,9.219380854113254
1934781,0,193.22372436523438,37.62618637084961,-0.021060599014163017,9.21328939100285
1934782,0,193.2205352783203,37.85638427734375,-0.021057624369859695,9.207662878911153
1934783,0,193.21739196777344,38.086463928222656,-0.021055983379483223,9.202966131342865
1934784,0,193.21421813964844,38.316444396972656,-0.0210556797683239,9.199295160810353
1934785,0,193.21104431152344,38.54635238647461,-0.021056633442640305,9.196736552784323
1934786,0,193.2078094482422,38.77621841430664,-0.021058768033981323,9.1949849385252
1934787,0,193.20448303222656,39.00605010986328,-0.02106170542538166,9.193963379438994
1934788,0,193.20106506347656,39.23586654663086,-0.02106529101729393,9.193516949633445
1934789,0,193.1975555419922,39.4656867980957,-0.02106914483010769,9.193614023845843
1934790,0,193.19390869140625,39.69550704956055,-0.021073225885629654,9.193916033478764
1934791,0,193.1901397705078,39.92533874511719,-0.02107715606689453,9.194519532275999
1934792,0,193.1862030029297,40.15518569946289,-0.021081123501062393,9.195412840128707
1934793,0,193.18215942382812,40.38505935668945,-0.021084975451231003,9.196603877325053
1934794,0,193.17800903320312,40.61497116088867,-0.021088752895593643,9.198004640705188
1934795,0,193.17372131347656,40.84491729736328,-0.02109229937195778,9.199782322823955
1934796,0,193.1693572998047,41.07490539550781,-0.02109561860561371,9.201651213840737
1934797,0,193.16485595703125,41.30494689941406,-0.021098975092172623,9.20378864191971
1934798,0,193.16030883789062,41.53504180908203,-0.021102141588926315,9.206274400565853
1934799,0,193.1556854248047,41.76520919799805,-0.021105194464325905,9.209078695685216
1934800,0,193.15098571777344,41.99546432495117,-0.021108511835336685,9.21308703312258
1934801,0,193.14630126953125,42.22584915161133,-0.021112747490406036,9.218596125699944
1934802,0,193.14161682128906,42.45638656616211,-0.021117668598890305,9.225018344175707
1934803,0,193.1369171142578,42.687095642089844,-0.021122969686985016,9.231793402658106
1934804,0,193.13226318359375,42.91796875,-0.02112804353237152,9.238267551901787
1934805,0,193.12767028808594,43.14899826049805,-0.02113250643014908,9.244377029025724
1934806,0,193.1232452392578,43.38019561767578,-0.021136589348316193,9.251098699600515
1934807,0,193.1190643310547,43.611572265625,-0.021140707656741142,9.258246614045023
1934808,0,193.1151123046875,43.8431396484375,-0.021144598722457886,9.265829977356523
1934809,0,193.11146545410156,44.07490158081055,-0.021148376166820526,9.273473810740414
